1.000916e-15
1.000916e-15
1.000916e-15
1.000916e-15
1.000916e-15
1.000916e-15
1.000916e-15
1.000916e-15
1.000916e-15
1.000916e-15
1.000916e-15
1.000916e-15
1.000916e-15
1.000916e-15
1.000916e-15
1.000916e-15
1.000916e-15
1.000916e-15
1.000916e-15
1.000916e-15
1.000916e-15
1.000916e-15
1.000916e-15
1.000916e-15
1.000916e-15
1.000916e-15
1.000916e-15
1.000916e-15
1.000916e-15
1.000916e-15
1.000916e-15
1.000916e-15
6.522423e-15
1.000916e-15
1.000916e-15
5.087931e-10
1.000916e-15
1.000916e-15
1.000916e-15
1.000916e-15
1.000916e-15
1.000916e-15
1.000916e-15
1.000916e-15
1.000916e-15
1.000916e-15
1.000916e-15
1.000916e-15
1.000916e-15
1.000916e-15
1.000916e-15
1.000916e-15
1.000916e-15
1.000916e-15
1.000916e-15
1.000916e-15
1.000916e-15
1.000916e-15
1.000916e-15
1.000916e-15
1.000916e-15
1.000916e-15
1.000916e-15
1.000916e-15
1.000916e-15
1.000916e-15
1.000916e-15
1.000916e-15
1.000916e-15
1.000916e-15
1.000916e-15
1.000916e-15
1.000916e-15
1.000916e-15
1.000916e-15
1.000916e-15
1.000916e-15
1.000916e-15
1.000916e-15
1.000916e-15
1.000916e-15
1.000916e-15
1.836521e-13
2.368835e-06
1.865081e-05
0.000730962
6.777371e-05
3.386296e-06
5.134769e-11
1.308908e-10
1.266252e-09
6.777371e-05
1.342052e-05
9.275007e-05
6.806262e-06
0.0009654955
0.000730962
0.0003116373
0.04990522
0.05982115
0.1900473
0.02236137
0.005801614
0.00736469
0.0004187121
3.007938e-09
5.413194e-08
0.002142476
5.498634e-07
3.622593e-08
0.0002317919
0.01164279
0.05982115
0.5282176
0.162977
3.597526e-05
1.000916e-15
1.000916e-15
5.43105e-13
1.000916e-15
1.601212e-08
0.2202063
0.05982115
5.413194e-08
3.186132e-13
0.0005563916
0.000730962
2.368835e-06
0.000730962
4.949853e-05
0.002768593
0.1395979
0.01808591
1.601212e-08
1.000916e-15
1.000916e-15
1.980585e-14
5.134769e-11
8.056149e-08
6.777371e-05
1.865081e-05
3.386296e-06
0.0005563916
0.01808591
0.07149809
0.5282176
0.162977
0.2202063
0.0411139
0.3290779
0.5282176
0.7601508
0.8140659
0.0274929
0.1190928
0.1395979
0.3290779
0.3290779
0.08518015
0.05982115
0.07149809
0.2532481
0.08518015
0.001653537
1.342052e-05
1.197057e-07
5.498634e-07
8.056149e-08
2.577529e-07
7.007912e-09
7.923764e-07
3.386296e-06
3.622593e-08
8.056149e-08
6.806262e-06
1.601212e-08
1.266252e-09
1.195973e-11
5.087931e-10
7.007912e-09
2.577529e-07
9.275007e-05
3.622593e-08
3.789819e-07
0.00736469
1.601212e-08
1.963663e-09
1.973639e-11
5.087931e-10
9.214233e-13
1.195973e-11
4.627498e-09
5.087931e-10
1.963663e-09
1.342052e-05
3.597526e-05
9.275007e-05
1.342052e-05
1.749548e-07
2.430155e-08
5.134769e-11
6.17456e-14
1.601212e-08
1.662281e-06
1.601212e-08
1.197057e-07
2.368835e-06
9.591608e-06
1.662281e-06
2.368835e-06
6.806262e-06
4.818035e-06
6.777371e-05
4.627498e-09
5.087931e-10
1.068969e-08
7.007912e-09
4.627498e-09
1.197057e-07
7.007912e-09
3.007938e-09
5.498634e-07
3.789819e-07
1.601212e-08
3.007938e-09
1.973639e-11
8.237254e-11
1.556422e-12
1.308908e-10
8.056149e-08
1.601212e-08
3.622593e-08
3.789819e-07
1.068969e-08
1.308908e-10
2.07214e-10
3.007938e-09
3.007938e-09
3.267261e-10
7.17209e-12
7.17209e-12
8.056149e-08
1.749548e-07
7.923764e-07
2.596274e-05
0.0009654955
0.000730962
9.275007e-05
0.002768593
0.01164279
0.04990522
0.3290779
0.4755795
0.002768593
2.61711e-12
0.3742349
1.865081e-05
2.430155e-08
1.963663e-09
1.197057e-07
7.007912e-09
1.601212e-08
1.197057e-07
3.242753e-11
1.963663e-09
5.087931e-10
8.237254e-11
1.000916e-15
1.836521e-13
3.007938e-09
3.622593e-08
1.148912e-06
4.949853e-05
0.01456633
2.596274e-05
2.596274e-05
2.368835e-06
1.148912e-06
2.577529e-07
7.923764e-07
4.818035e-06
4.627498e-09
1.266252e-09
8.062485e-10
5.498634e-07
1.749548e-07
1.308908e-10
1.308908e-10
3.267261e-10
2.07214e-10
3.267261e-10
8.062485e-10
3.622593e-08
8.237254e-11
4.35459e-12
5.134769e-11
6.522423e-15
1.000916e-15
7.17209e-12
1.308908e-10
1.836521e-13
1.000916e-15
1.000916e-15
1.000916e-15
1.000916e-15
1.000916e-15
1.000916e-15
1.000916e-15
1.000916e-15
1.000916e-15
1.000916e-15
1.000916e-15
7.17209e-12
8.237254e-11
4.35459e-12
5.087931e-10
1.865081e-05
0.001653537
0.2532481
0.1190928
0.0274929
0.1395979
4.818035e-06
4.35459e-12
5.134769e-11
3.007938e-09
8.237254e-11
4.35459e-12
7.007912e-09
7.923764e-07
6.522423e-15
1.000916e-15
1.000916e-15
1.000916e-15
1.000916e-15
1.000916e-15
1.000916e-15
1.000916e-15
3.532105e-14
1.963663e-09
5.087931e-10
8.056149e-08
3.007938e-09
5.134769e-11
1.148912e-06
7.007912e-09
7.923764e-07
6.777371e-05
1.148912e-06
6.806262e-06
2.368835e-06
5.413194e-08
8.056149e-08
4.627498e-09
2.430155e-08
3.386296e-06
3.622593e-08
1.266252e-09
4.627498e-09
5.134769e-11
1.000916e-15
1.000916e-15
1.000916e-15
1.000916e-15
1.000916e-15
1.000916e-15
1.000916e-15
1.000916e-15
1.000916e-15
1.000916e-15
1.000916e-15
1.000916e-15
1.000916e-15
1.000916e-15
1.000916e-15
1.980585e-14
3.267261e-10
1.266252e-09
1.148912e-06
5.413194e-08
0.003574808
0.05982115
0.1190928
0.0002317919
0.2532481
0.0002317919
0.0005563916
0.005801614
0.0003116373
3.622593e-08
1.749548e-07
1.749548e-07
4.818035e-06
0.0002317919
0.001653537
2.596274e-05
1.865081e-05
3.789819e-07
5.498634e-07
1.342052e-05
3.597526e-05
9.591608e-06
1.148912e-06
1.865081e-05
1.865081e-05
1.197057e-07
3.267261e-10
3.622593e-08
7.007912e-09
3.267261e-10
3.892406e-15
1.960619e-15
7.17209e-12
5.43105e-13
2.07214e-10
1.068969e-08
1.601212e-08
1.749548e-07
5.087931e-10
2.430155e-08
1.342052e-05
7.923764e-07
4.627498e-09
9.591608e-06
6.806262e-06
9.591608e-06
1.749548e-07
0.0001718787
0.009285053
0.08518015
0.001653537
0.4232109
0.07149809
0.1900473
0.1013525
0.2907569
0.0411139
0.0274929
0.07149809
0.009285053
0.004583976
0.0411139
0.001653537
1.865081e-05
2.368835e-06
1.662281e-06
7.007912e-09
3.007938e-09
2.430155e-08
1.197057e-07
2.61711e-12
1.075153e-13
1.973639e-11
2.07214e-10
5.498634e-07
3.597526e-05
5.413194e-08
2.577529e-07
0.0001718787
6.806262e-06
1.963663e-09
5.498634e-07
3.386296e-06
2.430155e-08
8.062485e-10
5.413194e-08
5.413194e-08
2.368835e-06
9.591608e-06
7.923764e-07
7.923764e-07
1.068969e-08
8.056149e-08
5.498634e-07
7.923764e-07
3.267261e-10
2.07214e-10
6.806262e-06
1.068969e-08
0.03377333
0.7601508
0.8629
0.2907569
0.7601508
0.1013525
0.005801614
0.0003116373
7.923764e-07
0.3290779
0.01808591
0.1190928
0.1190928
0.162977
0.3290779
0.5282176
0.1190928
0.2202063
0.6453137
0.1395979
0.2532481
0.02236137
0.1395979
0.3290779
0.05982115
0.02236137
0.004583976
0.009285053
0.000730962
0.0001268536
3.597526e-05
4.949853e-05
9.591608e-06
2.577529e-07
3.242753e-11
8.237254e-11
3.242753e-11
9.214233e-13
1.002364e-15
1.000916e-15
2.07214e-10
1.749548e-07
1.556422e-12
6.522423e-15
6.17456e-14
6.522423e-15
1.836521e-13
1.980585e-14
1.075153e-13
1.000916e-15
1.963663e-09
0.002142476
8.062485e-10
1.556422e-12
1.960619e-15
6.522423e-15
5.134769e-11
1.000916e-15
1.000916e-15
1.980585e-14
1.000916e-15
1.000916e-15
1.000916e-15
1.000916e-15
1.000916e-15
1.000916e-15
1.000916e-15
5.43105e-13
5.134769e-11
5.498634e-07
7.007912e-09
2.07214e-10
3.622593e-08
3.386296e-06
4.949853e-05
1.342052e-05
1.068969e-08
0.001653537
0.002142476
0.01456633
0.07149809
0.08518015
0.002142476
0.0005563916
4.949853e-05
0.005801614
0.005801614
0.000730962
0.0001268536
0.0001718787
0.0001718787
1.749548e-07
1.749548e-07
4.818035e-06
3.789819e-07
5.413194e-08
2.577529e-07
2.368835e-06
2.577529e-07
1.662281e-06
4.949853e-05
1.068969e-08
3.789819e-07
4.818035e-06
1.662281e-06
2.596274e-05
1.960619e-15
1.15699e-14
9.214233e-13
2.61711e-12
0.01164279
0.162977
6.777371e-05
1.749548e-07
1.308908e-10
1.601212e-08
0.005801614
