2.0424e-15
1.287758e-11
0.0218461
0.02896484
0.149727
0.3173467
0.4459743
0.0007347568
6.767111e-05
0.001020744
0.005570842
0.02896484
0.03297161
0.2450613
0.6741854
0.6741854
0.5960989
0.0218461
0.0003556701
2.637215e-05
0.4774082
0.3173467
0.2685227
0.4774082
0.120905
0.18285
0.08581205
0.006448204
2.365276e-06
6.5205e-07
1.700614e-05
0.000429456
0.18285
0.047541
0.06833289
0.18285
0.13464
0.02896484
0.120905
8.826692e-08
2.0424e-15
2.0424e-15
2.0424e-15
2.0424e-15
2.0424e-15
2.0424e-15
2.0424e-15
2.0424e-15
2.0424e-15
2.0424e-15
2.0424e-15
2.0424e-15
2.0424e-15
9.100541e-12
0.004054345
0.01045921
0.3755273
0.13464
0.0008589026
6.314545e-14
1.430469e-12
0.4774082
0.8956
0.2240803
0.3173467
0.79488
0.18285
0.03297161
2.637215e-05
0.0003556701
0.01928772
0.3755273
0.2035071
0.01651129
0.01427267
0.00146959
0.0005127231
0.5153022
0.6741854
0.1667745
0.0218461
0.06833289
0.4774082
0.3463218
0.2933858
0.01230724
0.3463218
0.120905
0.120905
0.04245278
0.06168059
0.2450613
0.05394916
0.002906935
0.03725277
0.06833289
0.07702206
0.001750995
0.0006228226
0.0218461
0.004054345
0.01045921
0.0008589026
0.002098232
0.03725277
0.002453559
0.002453559
0.01045921
0.047541
0.0253982
0.0218461
0.05394916
0.1667745
0.06833289
0.149727
0.2685227
0.06833289
0.002453559
0.000429456
0.002906935
0.00146959
0.00146959
0.0002942043
0.0002942043
0.04245278
0.02896484
0.2933858
0.2240803
0.2450613
0.08581205
0.005570842
0.047541
0.07702206
0.03725277
0.08581205
0.03297161
0.009035094
0.0001001441
1.853272e-06
0.0001250993
3.339251e-05
0.0003556701
0.03725277
0.2450613
0.2933858
0.09672489
2.162124e-05
0.00470856
3.835576e-06
8.046761e-06
2.0424e-15
2.0424e-15
2.0424e-15
3.953923e-15
8.531789e-07
0.3173467
2.0424e-15
2.0424e-15
2.0424e-15
2.0424e-15
5.755855e-10
1.466825e-08
2.0424e-15
2.0424e-15
2.0424e-15
2.0424e-15
2.0424e-15
2.0424e-15
2.0424e-15
5.192166e-11
8.046761e-06
5.382e-05
1.094644e-06
1.086383e-08
3.786311e-07
2.637215e-05
0.0007347568
8.090651e-05
0.00470856
0.04245278
0.006448204
0.08581205
0.149727
0.00470856
1.700614e-05
4.974524e-07
0.0007347568
0.0006228226
0.001020744
0.006448204
0.01651129
0.0005127231
0.002453559
0.03297161
0.03725277
0.06833289
0.001750995
0.1087539
0.2685227
0.05394916
0.0005127231
0.0008589026
0.18285
0.0007347568
0.003460766
0.004054345
0.00146959
0.0007347568
8.090651e-05
8.090651e-05
0.0001938369
2.656776e-08
2.0424e-15
1.975935e-08
6.36e-06
2.365276e-06
2.145e-09
3.014345e-06
1.853272e-06
1.094644e-06
2.068716e-10
5.192166e-11
2.0424e-15
1.487114e-10
2.046233e-12
6.314545e-14
3.793938e-11
1.566453e-09
2.13874e-07
8.090651e-05
8.090651e-05
2.637215e-05
0.0008589026
0.007642405
0.01427267
0.047541
0.07702206
0.08581205
0.3755273
0.3173467
0.13464
0.09672489
0.2240803
0.1087539
0.01427267
0.047541
0.002098232
0.002906935
0.006448204
3.835576e-06
8.826692e-08
3.014345e-06
6.36e-06
0.0001938369
0.0218461
0.001020744
0.003460766
0.0005127231
0.0008589026
0.002453559
0.001020744
0.0002942043
0.0001001441
0.01651129
0.0008589026
0.000429456
0.001241095
0.004054345
0.01045921
0.00470856
0.00470856
0.047541
0.006448204
0.001750995
0.06833289
4.551565e-13
