0
0
0
0
0
0
0
0
0
0
0
0
0
0
0
0.1938164
0.1938164
0.1938164
0.1938164
0.1938164
0.1938164
0.1938164
0.1938164
0.1938164
0.1938164
0.1938164
0.1938164
0.09648854
0.09648854
0.09648854
0.09648854
0.09648854
0.09648854
0.09648854
0.09648854
0.09648854
0.09648854
0.09648854
0.09648854
0.09648854
0.09648854
0.09648854
0.09648854
0.09648854
0.09648854
0.09648854
0.09648854
0.09648854
0.09648854
0.09648854
0.09648854
0.01137288
0.01137288
0.01137288
0.01137288
0.01137288
0.01137288
0.01137288
0.01137288
0.01137288
0.01137288
0.01137288
0.01137288
0.01137288
0.01137288
0.01137288
-0.03830326
-0.03830326
-0.03830326
-0.03830326
-0.03830326
-0.03830326
-0.03830326
-0.03830326
-0.03830326
-0.03830326
-0.03830326
-0.03830326
-0.03830326
-0.03830326
-0.03830326
-0.03830326
-0.03830326
-0.03830326
-0.03830326
0.08337654
0.08337654
0.08337654
0.08337654
0.08337654
0.08337654
0.08337654
0.08337654
0.08337654
0.08337654
0.08337654
0.08337654
0.08337654
0.08337654
0.03397334
0.03397334
0.03397334
0.03397334
0.03397334
0.03397334
0.03397334
0.03397334
0.03397334
0.03397334
0.03397334
0.03397334
0.06529941
0.06529941
0.06529941
0.06529941
0.06529941
0.06529941
0.06529941
0.03081348
0.03081348
0.03081348
0.03081348
0.03081348
0.03081348
0.03081348
0.03081348
0.03081348
0.03081348
0.03081348
0.03081348
0.03081348
0.03081348
0.03081348
0.03081348
0.03081348
0.08754115
0.08754115
0.08754115
0.08754115
0.08754115
0.08754115
0.08754115
0.08754115
0.08754115
0.08754115
0.08754115
0.08754115
0.08754115
0.08754115
0.08754115
0.08754115
0.08754115
0.08754115
0.08754115
0.0465112
0.0465112
0.0465112
0.0465112
0.0465112
0.0465112
0.0465112
0.0465112
0.0465112
0.0465112
0.0465112
0.0465112
0.0465112
0.0465112
0.05133922
0.05133922
0.05133922
0.05133922
0.05133922
0.05133922
0.05133922
0.05133922
0.05133922
0.05133922
0.05133922
0.05133922
0.05133922
0.05133922
0.05133922
0.05133922
0.09278042
0.09278042
0.09278042
0.09278042
0.09278042
0.09278042
0.09278042
0.03088122
0.03088122
0.03088122
0.03088122
0.03088122
0.03088122
0.03088122
0.03088122
0.03088122
0.03088122
0.03088122
0.03088122
0.03088122
0.03088122
0.03088122
0.03088122
0.03088122
-0.01517487
-0.01517487
-0.01517487
-0.01517487
-0.01517487
-0.01517487
-0.01517487
-0.01517487
-0.01517487
-0.01517487
-0.01517487
-0.01517487
-0.01517487
-0.01517487
-0.01517487
-0.01517487
-0.01517487
-0.01517487
-0.01517487
-0.01517487
-0.01517487
-0.01517487
-0.01517487
-0.01517487
-0.05992807
-0.05992807
-0.05992807
-0.05992807
-0.05992807
-0.05992807
-0.05992807
-0.05992807
-0.05992807
-0.05992807
-0.05992807
-0.05992807
-0.05992807
-0.05992807
-0.05992807
-0.05992807
-0.05992807
-0.05992807
-0.05992807
-0.06333165
-0.06333165
-0.06333165
-0.06333165
-0.06333165
-0.06333165
-0.06333165
0.09111634
0.09111634
0.09111634
0.09111634
0.09111634
0.09111634
0.09111634
0.09111634
0.09111634
0.09111634
0.09111634
0.1141008
0.1141008
0.1141008
0.1141008
0.1141008
0.1141008
0.1141008
0.0289224
0.0289224
0.0289224
0.0289224
0.0289224
0.0289224
0.0289224
0.0289224
0.0289224
0.0289224
0.0289224
-0.05325574
-0.05325574
-0.05325574
-0.05325574
-0.05325574
-0.05325574
-0.05325574
-0.05325574
-0.05325574
-0.05325574
-0.05325574
-0.05325574
-0.05325574
-0.05325574
-0.05325574
-0.05325574
-0.05325574
-0.05325574
-0.05325574
-0.05325574
-0.02472117
-0.02472117
-0.02472117
-0.02472117
-0.02472117
-0.02472117
-0.02472117
-0.05274718
-0.05274718
-0.05274718
-0.05274718
-0.05274718
-0.05274718
-0.05274718
-0.05274718
-0.05274718
-0.05274718
-0.05274718
-0.05274718
-0.05274718
-0.05274718
-0.08477997
-0.08477997
-0.08477997
-0.08477997
-0.08477997
-0.08477997
-0.08477997
-0.08477997
-0.08477997
-0.08477997
-0.08477997
-0.08477997
-0.08477997
-0.08477997
-0.08477997
-0.08477997
-0.1076066
-0.1076066
-0.1076066
-0.1076066
-0.1076066
-0.1076066
-0.1076066
-0.1076066
-0.1076066
-0.1076066
-0.1076066
-0.1076066
-0.1076066
-0.1076066
-0.1076066
-0.1076066
-0.1076066
-0.1076066
-0.1076066
-0.1076066
-0.1076066
0.02182092
0.02182092
0.02182092
0.02182092
0.02182092
0.02182092
0.02182092
0.02182092
0.02182092
0.02182092
0.02182092
0.02182092
0.02182092
0.02182092
0.02182092
0.02182092
0.02182092
0.02182092
0.02182092
0.02182092
0.02182092
0.02182092
-0.004747465
-0.004747465
-0.004747465
-0.004747465
-0.004747465
-0.004747465
-0.004747465
0.04117166
0.04117166
0.04117166
0.04117166
0.04117166
0.04117166
0.04117166
0.04117166
0.04117166
0.04117166
0.04117166
0.04117166
0.04117166
0.04117166
0.04117166
0.04117166
0.04117166
0.04117166
0.04117166
0.04117166
0.04117166
0.04117166
0.1510109
0.1510109
0.1510109
0.1510109
0.1510109
0.1510109
0.1510109
0.1510109
0.1510109
0.1510109
0.1510109
0.1510109
0.1510109
0.1510109
0.1510109
0.1510109
0.1510109
0.1510109
0.1510109
0.1510109
0.1510109
0.1510109
0.1510109
0.1510109
0.07116927
0.07116927
0.07116927
0.07116927
0.07116927
0.07116927
0.07116927
0.07116927
0.07116927
0.07116927
0.07116927
0.07116927
0.07116927
0.07116927
0.07116927
0.07116927
0.07116927
0.04818075
0.04818075
0.04818075
0.04818075
0.04818075
0.04818075
0.04818075
0.06142462
0.06142462
0.06142462
0.06142462
0.06142462
0.06142462
0.06142462
0.06142462
0.06142462
0.06142462
0.06142462
0.06142462
-0.01055455
-0.01055455
-0.01055455
-0.01055455
-0.01055455
-0.01055455
-0.01055455
-0.01055455
-0.01055455
-0.01055455
-0.01055455
-0.01055455
-0.01055455
-0.01055455
-0.01055455
-0.01055455
0.0502521
0.0502521
0.0502521
0.0502521
0.0502521
0.0502521
0.0502521
0.0502521
0.0502521
0.0502521
-0.08967463
-0.08967463
-0.08967463
-0.08967463
-0.08967463
-0.08967463
-0.08967463
-0.08967463
-0.08967463
-0.08967463
-0.08967463
-0.08967463
-0.08967463
-0.08967463
-0.08967463
-0.08967463
-0.06079771
-0.06079771
-0.06079771
-0.06079771
-0.06079771
-0.06079771
-0.06079771
-0.06079771
-0.06079771
-0.06079771
-0.06079771
-0.06079771
-0.06079771
-0.06079771
-0.06079771
-0.06079771
-0.06079771
-0.06079771
-0.06079771
-0.06079771
-0.06079771
-0.06079771
-0.1100952
-0.1100952
-0.1100952
-0.1100952
-0.1100952
-0.1100952
-0.1100952
-0.1100952
-0.1100952
-0.1100952
-0.1100952
-0.1100952
-0.1100952
-0.1100952
-0.1100952
-0.1100952
-0.1100952
-0.07864758
-0.07864758
-0.07864758
-0.07864758
-0.07864758
-0.07864758
-0.07864758
-0.07864758
-0.07864758
-0.07864758
-0.07864758
-0.07864758
-0.07864758
-0.07864758
-0.07864758
-0.07864758
-0.07864758
-0.07864758
-0.07864758
-0.05604318
-0.05604318
-0.05604318
-0.05604318
-0.05604318
-0.05604318
-0.05604318
-0.05604318
-0.05604318
-0.05604318
-0.05604318
-0.05604318
-0.05604318
-0.05604318
-0.1838875
-0.1838875
-0.1838875
-0.1838875
-0.1838875
-0.1838875
-0.1838875
-0.1838875
-0.1838875
-0.1838875
-0.1838875
-0.1838875
-0.1838875
-0.1838875
-0.1838875
-0.1838875
-0.4272569
-0.4272569
-0.4272569
-0.4272569
-0.4272569
-0.4272569
-0.4272569
-0.4272569
-0.4272569
-0.4272569
-0.4272569
-0.4272569
-0.4272569
-0.4272569
-0.4185883
-0.4185883
-0.4185883
-0.4185883
-0.4185883
-0.4185883
-0.4185883
-0.4185883
-0.4185883
-0.4185883
-0.725166
-0.725166
-0.725166
-0.725166
-0.725166
-0.725166
-0.725166
-0.725166
-0.725166
-0.725166
-0.725166
-0.725166
-0.725166
-0.725166
-0.5224608
-0.5224608
-0.5224608
-0.5224608
-0.5224608
-0.5224608
-0.5224608
-0.5224608
-0.5224608
-0.5224608
-0.5224608
-0.5224608
-0.5224608
-0.5224608
-0.4591878
-0.4591878
-0.4591878
-0.4591878
-0.4591878
-0.4591878
-0.4591878
-0.4591878
-0.4591878
-0.4591878
-0.4591878
-0.4591878
-0.4591878
-0.4591878
-0.4865818
-0.4865818
-0.4865818
-0.4865818
-0.4865818
-0.4865818
-0.4865818
-0.4865818
-0.4865818
-0.4865818
-0.4865818
-0.4865818
-0.4865818
-0.4865818
-0.4865818
-0.4865818
-0.4865818
-0.2263152
-0.2263152
-0.2263152
-0.2263152
-0.2263152
-0.2263152
-0.2263152
-0.2263152
-0.2263152
-0.2263152
-0.2263152
-0.2263152
-0.2263152
-0.2263152
-0.2263152
-0.2263152
-0.2263152
-0.2263152
-0.3193647
-0.3193647
-0.3193647
-0.3193647
-0.3193647
-0.3193647
-0.3193647
-0.3193647
-0.3193647
-0.3193647
-0.3193647
-0.3193647
-0.3193647
-0.3193647
-0.3193647
-0.3193647
-0.3193647
-0.3193647
-0.3193647
-0.321039
-0.321039
-0.321039
-0.321039
-0.321039
-0.321039
-0.321039
-0.321039
-0.321039
-0.321039
-0.321039
-0.321039
-0.321039
-0.321039
-0.321039
-0.321039
-0.321039
-0.2734421
-0.2734421
-0.2734421
-0.2734421
-0.2734421
-0.2734421
-0.2734421
-0.2734421
-0.2734421
-0.2734421
-0.2375614
-0.2375614
-0.2375614
-0.2375614
-0.2375614
-0.2375614
-0.2375614
-0.2375614
-0.2375614
-0.2375614
-0.2375614
-0.2375614
-0.2375614
-0.2375614
-0.2375614
-0.2375614
-0.2375614
-0.2375614
-0.2375614
-0.2375614
-0.262856
-0.262856
-0.262856
-0.262856
-0.262856
-0.262856
-0.262856
-0.262856
-0.262856
-0.262856
-0.262856
-0.262856
-0.262856
-0.262856
-0.262856
-0.262856
-0.262856
-0.262856
-0.262856
-0.262856
-0.262856
-0.262856
-0.2230545
-0.2230545
-0.2230545
-0.2230545
-0.2230545
-0.2230545
-0.2230545
-0.2230545
-0.2230545
-0.2230545
-0.2230545
-0.2230545
-0.2230545
-0.2230545
-0.1737825
-0.1737825
-0.1737825
-0.1737825
-0.1737825
-0.1737825
-0.1737825
-0.1737825
-0.1737825
-0.1737825
-0.1737825
-0.1737825
-0.1737825
-0.1737825
-0.1737825
-0.1120927
-0.1120927
-0.1120927
-0.1120927
-0.1120927
-0.1120927
-0.1120927
-0.1120927
-0.1120927
-0.1120927
-0.1120927
-0.1120927
-0.1120927
-0.1120927
-0.1120927
-0.1120927
-0.09738258
-0.09738258
-0.09738258
-0.09738258
-0.09738258
-0.09738258
-0.09738258
-0.08692207
-0.08692207
-0.08692207
-0.08692207
-0.08692207
-0.08692207
-0.08692207
-0.08692207
-0.08692207
-0.08692207
-0.08692207
-0.08692207
-0.08692207
-0.08692207
-0.08692207
-0.08692207
0.03861691
0.03861691
0.03861691
0.03861691
0.03861691
0.03861691
0.03861691
0.03861691
0.03861691
0.03861691
0.03861691
0.03861691
0.03861691
0.03861691
0.03861691
0.03861691
0.03861691
0.03861691
0.03861691
0.06595703
0.06595703
0.06595703
0.06595703
0.06595703
0.06595703
0.06595703
0.06595703
0.06595703
0.06595703
0.06595703
0.06595703
0.06595703
0.06595703
0.06595703
0.06595703
0.06595703
0.06595703
0.06595703
0.06595703
0.06595703
0.06595703
0.06595703
0.06595703
0.2587977
0.2587977
0.2587977
0.2587977
0.2587977
0.2587977
0.2587977
0.2587977
0.2587977
0.2587977
0.2587977
0.2587977
0.2587977
0.2587977
0.2587977
0.2587977
0.2587977
0.2587977
0.2587977
0.2587977
0.2587977
0.2587977
0.2274597
0.2274597
0.2274597
0.2274597
0.2274597
0.2274597
0.2274597
0.2274597
0.2274597
0.2274597
0.2274597
0.2274597
0.2274597
0.2274597
-0.01710016
-0.01710016
-0.01710016
-0.01710016
-0.01710016
-0.01710016
-0.01710016
-0.01710016
-0.01710016
-0.01710016
-0.01710016
-0.01710016
-0.01710016
-0.01710016
-0.01710016
-0.01710016
-0.01710016
-0.01710016
-0.01710016
-0.01710016
-0.01710016
-0.01710016
-0.01710016
-0.01710016
0.02787178
0.02787178
0.02787178
0.02787178
0.02787178
0.02787178
0.02787178
0.02787178
0.02787178
0.02787178
0.02787178
0.02787178
0.02787178
0.02787178
0.02787178
0.02787178
0.02787178
-0.0667404
-0.0667404
-0.0667404
-0.0667404
-0.0667404
-0.0667404
-0.0667404
-0.0667404
-0.0667404
-0.0667404
-0.0667404
-0.0667404
-0.0667404
-0.0667404
-0.0667404
-0.0667404
-0.006867913
-0.006867913
-0.006867913
-0.006867913
-0.006867913
-0.006867913
-0.006867913
-0.006867913
-0.006867913
-0.006867913
-0.006867913
-0.006867913
-0.006867913
-0.006867913
0.01251294
0.01251294
0.01251294
0.01251294
0.01251294
0.01251294
0.01251294
0.01251294
0.01251294
0.01251294
0.01251294
0.01251294
0.01251294
0.01251294
0.01251294
0.01251294
0.01251294
0.01251294
0.01251294
0.04524755
0.04524755
0.04524755
0.04524755
0.04524755
0.04524755
0.04524755
0.04524755
0.04524755
0.04524755
0.04524755
0.04524755
0.04524755
0.04524755
0.04524755
0.04524755
0.04524755
0.04524755
0.04524755
0.1168674
0.1168674
0.1168674
0.1168674
0.1168674
0.1168674
0.1168674
0.1168674
0.1168674
0.1168674
0.1168674
0.1168674
0.1168674
0.1168674
0.1168674
0.1168674
0.1168674
0.1168674
0.1168674
0.06975958
0.06975958
0.06975958
0.06975958
0.06975958
0.06975958
0.06975958
0.06975958
0.06975958
0.06975958
0.06975958
0.06975958
0.06975958
0.06975958
0.06975958
0.06975958
0.06975958
0.06975958
0.06975958
0.06975958
0.1154008
0.1154008
0.1154008
0.1154008
0.1154008
0.1154008
0.1154008
0.1154008
0.1154008
0.1154008
0.1154008
0.1154008
0.1154008
0.1154008
0.1154008
0.1154008
0.1154008
0.08486137
0.08486137
0.08486137
0.08486137
0.08486137
0.08486137
0.08486137
0.03464338
0.03464338
0.03464338
0.03464338
0.03464338
0.03464338
0.03464338
0.03464338
0.03464338
0.03464338
0.03464338
0.03464338
0.03464338
0.03464338
0.03464338
0.03464338
0.03464338
0.03464338
0.03464338
0.03464338
0.03464338
0.01578765
0.01578765
0.01578765
0.01578765
0.01578765
0.01578765
0.01578765
0.01578765
0.01578765
0.01578765
0.01578765
0.02253565
0.02253565
0.02253565
0.02253565
0.02253565
0.02253565
0.02253565
0.02253565
0.02253565
0.02253565
0.02253565
0.02253565
0.02253565
0.02253565
0.007524014
0.007524014
0.007524014
0.007524014
0.007524014
0.007524014
0.007524014
0.007524014
0.007524014
0.007524014
0.08090497
0.08090497
0.08090497
0.08090497
0.08090497
0.08090497
0.08090497
0.08090497
0.08090497
0.08090497
0.08090497
0.08090497
0.08090497
0.08090497
0.05446234
0.05446234
0.05446234
0.05446234
0.05446234
0.05446234
0.05446234
0.05446234
0.05446234
0.05446234
0.05446234
0.05446234
0.05446234
0.05446234
0.05446234
0.05446234
0.05446234
0.02831796
0.02831796
0.02831796
0.02831796
0.02831796
0.02831796
0.02831796
0.02831796
0.02831796
0.02831796
0.02831796
0.02831796
0.02831796
0.02831796
0.02831796
0.02831796
0.02831796
0.02831796
0.02831796
0.04302314
0.04302314
0.04302314
0.04302314
0.04302314
0.04302314
0.04302314
0.04302314
0.04302314
0.04302314
-0.1259751
-0.1259751
-0.1259751
-0.1259751
-0.1259751
-0.1259751
-0.1259751
-0.1259751
-0.1259751
-0.1259751
-0.1259751
-0.1259751
-0.1259751
-0.1259751
-0.1259751
-0.1259751
-0.1259751
-0.1259751
-0.1259751
0.07441853
0.07441853
0.07441853
0.07441853
0.07441853
0.07441853
0.07441853
0.07441853
0.07441853
0.07441853
0.07441853
0.07441853
0.07441853
0.07441853
0.07441853
0.07441853
0.08792043
0.08792043
0.08792043
0.08792043
0.08792043
0.08792043
0.08792043
0.08792043
0.08792043
0.08792043
0.08792043
0.08792043
0.08792043
0.08792043
0.0248465
0.0248465
0.0248465
0.0248465
0.0248465
0.0248465
0.0248465
0.0248465
0.0248465
0.0248465
0.0248465
0.0248465
0.0248465
0.0248465
0.0248465
0.0248465
0.0248465
-0.03361025
-0.03361025
-0.03361025
-0.03361025
-0.03361025
-0.03361025
-0.03361025
-0.03361025
-0.03361025
-0.03361025
-0.03361025
-0.03361025
-0.03361025
-0.03361025
-0.03361025
-0.03361025
-0.03361025
-0.03361025
-0.03361025
-0.03361025
-0.03361025
-0.03361025
-0.03361025
-0.03361025
-0.03272537
-0.03272537
-0.03272537
-0.03272537
-0.03272537
-0.03272537
-0.03272537
-0.03272537
-0.03272537
-0.03272537
-0.03272537
-0.04399781
-0.04399781
-0.04399781
-0.04399781
-0.04399781
-0.04399781
-0.04399781
-0.04399781
-0.04399781
-0.04399781
-0.04399781
-0.04399781
-0.04399781
-0.04399781
-0.04399781
0.01296568
0.01296568
0.01296568
0.01296568
0.01296568
0.01296568
0.01296568
-0.04151549
-0.04151549
-0.04151549
-0.04151549
-0.04151549
-0.04151549
-0.04151549
-0.04151549
-0.04151549
-0.04151549
-0.04151549
-0.05626286
-0.05626286
-0.05626286
-0.05626286
-0.05626286
-0.05626286
-0.05626286
-0.05626286
-0.05626286
-0.05626286
-0.05626286
-0.1069333
-0.1069333
-0.1069333
-0.1069333
-0.1069333
-0.1069333
-0.1069333
-0.1069333
-0.1069333
-0.1069333
-0.1069333
-0.1069333
-0.1069333
-0.1069333
-0.1069333
-0.1069333
-0.1069333
-0.1069333
-0.1069333
-0.1069333
-0.115078
-0.115078
-0.115078
-0.115078
-0.115078
-0.115078
-0.115078
-0.115078
-0.115078
-0.115078
-0.115078
-0.115078
-0.115078
-0.115078
-0.115078
-0.115078
-0.115078
-0.115078
-0.115078
-0.115078
-0.115078
0.01570598
0.01570598
0.01570598
0.01570598
0.01570598
0.01570598
0.01570598
0.01570598
0.01570598
0.01570598
0.01570598
0.01570598
0.01570598
0.01570598
0.01570598
0.01570598
0.01570598
-0.07321971
-0.07321971
-0.07321971
-0.07321971
-0.07321971
-0.07321971
-0.07321971
-0.07321971
-0.07321971
-0.07321971
-0.07321971
-0.07321971
-0.07321971
-0.07321971
-0.07321971
-0.07321971
-0.07321971
0.01943102
0.01943102
0.01943102
0.01943102
0.01943102
0.01943102
0.01943102
0.01943102
0.01943102
0.01943102
0.01943102
0.01943102
0.01943102
0.01943102
0.01943102
0.01943102
0.01943102
0.01943102
0.01943102
-0.008105337
-0.008105337
-0.008105337
-0.008105337
-0.008105337
-0.008105337
-0.008105337
-0.008105337
-0.008105337
-0.008105337
-0.008105337
-0.008105337
-0.008105337
-0.008105337
-0.008105337
-0.008105337
-0.008105337
0.0178999
0.0178999
0.0178999
0.0178999
0.0178999
0.0178999
0.0178999
0.0178999
0.0178999
0.0178999
0.0178999
0.0178999
0.0178999
0.0178999
0.0178999
0.0178999
0.0178999
0.0178999
0.0178999
0.04195911
0.04195911
0.04195911
0.04195911
0.04195911
0.04195911
0.04195911
0.04195911
0.04195911
0.04195911
0.04195911
0.04195911
0.04195911
0.04195911
0.04195911
0.04195911
0.04195911
0.04195911
0.04195911
0.05654795
0.05654795
0.05654795
0.05654795
0.05654795
0.05654795
0.05654795
0.05654795
0.05654795
0.05654795
0.05654795
0.05654795
0.05654795
0.05654795
0.05654795
0.1711469
0.1711469
0.1711469
0.1711469
0.1711469
0.1711469
0.1711469
0.1711469
0.1711469
0.1711469
0.1711469
0.1711469
0.1711469
0.1711469
0.08881944
0.08881944
0.08881944
0.08881944
0.08881944
0.08881944
0.08881944
0.08881944
0.08881944
0.08881944
0.08881944
0.08881944
0.08881944
0.08881944
0.08881944
0.08881944
0.08881944
0.08881944
0.08881944
0.08881944
0.08881944
0.08881944
-0.1406107
-0.1406107
-0.1406107
-0.1406107
-0.1406107
-0.1406107
-0.1406107
-0.1406107
-0.1406107
-0.1406107
-0.1406107
-0.1406107
-0.1406107
-0.1406107
-0.1406107
-0.1406107
-0.1406107
-0.1406107
-0.1406107
-0.1406107
-0.07924924
-0.07924924
-0.07924924
-0.07924924
-0.07924924
-0.07924924
-0.07924924
-0.07924924
-0.07924924
-0.07924924
-0.07924924
-0.07924924
-0.07924924
-0.07924924
-0.07924924
-0.05997992
-0.05997992
-0.05997992
-0.05997992
-0.05997992
-0.05997992
-0.05997992
-0.05997992
-0.05997992
-0.05997992
-0.05997992
-0.05997992
-0.05997992
-0.05997992
-0.05997992
-0.05997992
-0.05997992
-0.05997992
-0.1464869
-0.1464869
-0.1464869
-0.1464869
-0.1464869
-0.1464869
-0.1464869
-0.1464869
-0.1464869
-0.1464869
-0.1464869
-0.1464869
-0.1464869
-0.1464869
-0.1464869
-0.1464869
-0.1464869
-0.1464869
-0.1464869
-0.04423107
-0.04423107
-0.04423107
-0.04423107
-0.04423107
-0.04423107
-0.04423107
-0.04423107
-0.04423107
-0.04423107
-0.04423107
-0.04423107
-0.04423107
-0.04423107
-0.04423107
-0.04423107
-0.04423107
-0.04423107
-0.04423107
-0.04423107
-0.04423107
-0.04423107
-0.05788679
-0.05788679
-0.05788679
-0.05788679
-0.05788679
-0.05788679
-0.05788679
-0.05788679
-0.05788679
-0.05788679
-0.05788679
-0.05788679
-0.05788679
-0.05788679
-0.05788679
-0.05788679
-0.05788679
-0.05788679
-0.05788679
-0.1671537
-0.1671537
-0.1671537
-0.1671537
-0.1671537
-0.1671537
-0.1671537
-0.1671537
-0.1671537
-0.1671537
-0.1671537
-0.1671537
-0.1671537
-0.1671537
-0.1671537
-0.1671537
-0.1671537
-0.1671537
-0.1671537
-0.1747148
-0.1747148
-0.1747148
-0.1747148
-0.1747148
-0.1747148
-0.1747148
-0.1747148
-0.1747148
-0.1747148
-0.1747148
-0.1747148
-0.07796605
-0.07796605
-0.07796605
-0.07796605
-0.07796605
-0.07796605
-0.07796605
-0.07796605
-0.07796605
-0.07796605
-0.07796605
-0.07796605
-0.07796605
-0.07796605
-0.07796605
-0.07796605
-0.07796605
-0.07796605
-0.07796605
0.158296
0.158296
0.158296
0.158296
0.158296
0.158296
0.158296
0.158296
0.158296
0.158296
0.1320969
0.1320969
0.1320969
0.1320969
0.1320969
0.1320969
0.1320969
0.1320969
0.1320969
0.1320969
0.1320969
0.1320969
0.1320969
0.1320969
0.1320969
0.1320969
0.1320969
0.1320969
0.1320969
0.1320969
0.1320969
0.1320969
0.1320969
0.1320969
-0.09981921
-0.09981921
-0.09981921
-0.09981921
-0.09981921
-0.09981921
-0.09981921
-0.09981921
-0.09981921
-0.09981921
-0.09981921
-0.09981921
-0.09981921
-0.09981921
-0.09981921
-0.09981921
-0.09981921
-0.1110444
-0.1110444
-0.1110444
-0.1110444
-0.1110444
-0.1110444
-0.1110444
-0.1110444
-0.1110444
-0.1110444
-0.1110444
-0.1110444
-0.1110444
-0.1110444
0.04465908
0.04465908
0.04465908
0.04465908
0.04465908
0.04465908
0.04465908
0.04465908
0.04465908
0.04465908
0.03347464
0.03347464
0.03347464
0.03347464
0.03347464
0.03347464
0.03347464
0.03347464
0.03347464
0.03347464
0.03347464
0.03347464
0.03347464
0.03347464
0.03347464
0.03347464
0.03347464
0.09449526
0.09449526
0.09449526
0.09449526
0.09449526
0.09449526
0.09449526
0.07350071
0.07350071
0.07350071
0.07350071
0.07350071
0.07350071
0.07350071
0.07350071
0.07350071
0.07350071
0.07350071
0.07350071
0.07350071
0.07350071
0.07350071
0.07350071
0.07350071
0.07225134
0.07225134
0.07225134
0.07225134
0.07225134
0.07225134
0.07225134
0.07225134
0.07225134
0.07225134
0.07225134
0.07225134
0.1575921
0.1575921
0.1575921
0.1575921
0.1575921
0.1575921
0.1575921
0.1575921
0.1575921
0.1575921
0.1575921
0.1575921
0.1575921
0.1575921
0.1575921
0.1575921
0.1575921
0.1575921
0.1575921
0.1575921
0.1575921
0.1228062
0.1228062
0.1228062
0.1228062
0.1228062
0.1228062
0.1228062
0.1228062
0.1228062
0.1228062
0.1228062
0.1228062
0.1228062
0.1228062
0.1228062
0.1228062
0.1228062
0.1228062
0.1228062
0.05356739
0.05356739
0.05356739
0.05356739
0.05356739
0.05356739
0.05356739
0.05356739
0.05356739
0.05356739
0.05356739
0.05356739
0.05356739
0.05356739
0.05356739
0.05356739
0.05356739
0.04268249
0.04268249
0.04268249
0.04268249
0.04268249
0.04268249
0.04268249
0.04268249
0.04268249
0.04268249
0.096677
0.096677
0.096677
0.096677
0.096677
0.096677
0.096677
0.096677
0.096677
0.096677
0.096677
0.096677
0.096677
0.096677
0.096677
0.096677
0.096677
0.096677
0.096677
0.096677
0.096677
0.096677
0.05200257
0.05200257
0.05200257
0.05200257
0.05200257
0.05200257
0.05200257
0.05200257
0.05200257
0.05200257
0.05200257
0.06586949
0.06586949
0.06586949
0.06586949
0.06586949
0.06586949
0.06586949
0.06586949
0.06586949
0.06586949
0.06586949
0.06586949
0.06586949
0.06586949
0.06586949
0.06586949
0.06586949
0.06586949
0.06586949
-0.006021551
-0.006021551
-0.006021551
-0.006021551
-0.006021551
-0.006021551
-0.006021551
-0.006021551
-0.006021551
-0.006021551
-0.006021551
-0.006021551
-0.006021551
-0.006021551
-0.006021551
-0.006021551
-0.006021551
-0.006021551
-0.006021551
0.05357488
0.05357488
0.05357488
0.05357488
0.05357488
0.05357488
0.05357488
0.05357488
0.05357488
0.05357488
0.05357488
0.05357488
0.05357488
0.05357488
0.05357488
0.05357488
0.05357488
0.1086405
0.1086405
0.1086405
0.1086405
0.1086405
0.1086405
0.1086405
0.1086405
0.1086405
0.1086405
0.1086405
0.1086405
0.1086405
0.1086405
0.1086405
0.1086405
0.1086405
0.1086405
0.1086405
0.1086405
0.1086405
0.1086405
0.1086405
0.1086405
-0.08849857
-0.08849857
-0.08849857
-0.08849857
-0.08849857
-0.08849857
-0.08849857
-0.08849857
-0.08849857
-0.08849857
-0.08849857
-0.08849857
-0.06136358
-0.06136358
-0.06136358
-0.06136358
-0.06136358
-0.06136358
-0.06136358
-0.06136358
-0.06136358
-0.06136358
-0.06136358
-0.06136358
-0.06136358
-0.06136358
-0.06136358
-0.06136358
-0.06136358
-0.06136358
-0.06136358
-0.1624114
-0.1624114
-0.1624114
-0.1624114
-0.1624114
-0.1624114
-0.1624114
-0.1624114
-0.1624114
-0.1624114
-0.1624114
-0.1624114
-0.1624114
-0.1624114
-0.1624114
-0.1624114
-0.1624114
-0.1624114
-0.1624114
-0.1624114
-0.1624114
-0.1624114
-0.1093111
-0.1093111
-0.1093111
-0.1093111
-0.1093111
-0.1093111
-0.1093111
-0.1093111
-0.1093111
-0.1093111
-0.1093111
-0.1093111
-0.1031746
-0.1031746
-0.1031746
-0.1031746
-0.1031746
-0.1031746
-0.1031746
-0.1031746
-0.1031746
-0.1031746
-0.1031746
-0.1031746
-0.1031746
-0.1031746
-0.07082011
-0.07082011
-0.07082011
-0.07082011
-0.07082011
-0.07082011
-0.07082011
-0.07082011
-0.07082011
-0.07082011
-0.07082011
-0.07082011
-0.07082011
-0.07082011
-0.003334014
-0.003334014
-0.003334014
-0.003334014
-0.003334014
-0.003334014
-0.003334014
-0.003334014
-0.003334014
-0.003334014
-0.003334014
-0.003334014
-0.003334014
-0.003334014
-0.003334014
-0.003334014
-0.003334014
-0.003334014
-0.003334014
0.004145262
0.004145262
0.004145262
0.004145262
0.004145262
0.004145262
0.004145262
0.004145262
0.004145262
0.004145262
0.004145262
0.004145262
0.004145262
0.004145262
0.004145262
0.004145262
0.004145262
0.004145262
0.004145262
0.004145262
0.03174721
0.03174721
0.03174721
0.03174721
0.03174721
0.03174721
0.03174721
0.03174721
0.03174721
0.03174721
0.03174721
0.03174721
0.03174721
0.03174721
0.03174721
0.03174721
0.03174721
0.03174721
0.03174721
-0.08857021
-0.08857021
-0.08857021
-0.08857021
-0.08857021
-0.08857021
-0.08857021
-0.08857021
-0.08857021
-0.08857021
-0.08857021
-0.08857021
-0.08857021
-0.08857021
-0.08857021
-0.08857021
-0.08857021
-0.08857021
-0.153497
-0.153497
-0.153497
-0.153497
-0.153497
-0.153497
-0.153497
-0.153497
-0.153497
-0.153497
-0.153497
-0.153497
-0.153497
-0.153497
-0.153497
-0.04500211
-0.04500211
-0.04500211
-0.04500211
-0.04500211
-0.04500211
-0.04500211
-0.04500211
-0.04500211
-0.04500211
-0.04500211
-0.04500211
-0.1282312
-0.1282312
-0.1282312
-0.1282312
-0.1282312
-0.1282312
-0.1282312
-0.1282312
-0.1282312
-0.1282312
-0.1282312
-0.1282312
-0.1282312
-0.1282312
-0.1282312
-0.1282312
-0.1282312
-0.1282312
-0.1282312
-0.003418905
-0.003418905
-0.003418905
-0.003418905
-0.003418905
-0.003418905
-0.003418905
-0.003418905
-0.003418905
-0.003418905
-0.003418905
-0.003418905
-0.003418905
-0.003418905
-0.02787486
-0.02787486
-0.02787486
-0.02787486
-0.02787486
-0.02787486
-0.02787486
-0.02787486
-0.02787486
-0.02787486
-0.02787486
-0.02787486
-0.02787486
-0.02787486
-0.02787486
-0.02787486
-0.02474376
-0.02474376
-0.02474376
-0.02474376
-0.02474376
-0.02474376
-0.02474376
-0.02474376
-0.02474376
-0.02474376
-0.02474376
-0.02474376
-0.02474376
-0.02474376
-0.02474376
-0.02474376
-0.02474376
-0.02474376
-0.02474376
-0.02474376
-0.02474376
-0.02474376
-0.04250453
-0.04250453
-0.04250453
-0.04250453
-0.04250453
-0.04250453
-0.04250453
-0.04250453
-0.04250453
-0.04250453
-0.04250453
-0.04250453
-0.04250453
-0.04250453
-0.04250453
-0.04250453
-0.04250453
-0.04250453
-0.04250453
-0.03078649
-0.03078649
-0.03078649
-0.03078649
-0.03078649
-0.03078649
-0.03078649
-0.1113346
-0.1113346
-0.1113346
-0.1113346
-0.1113346
-0.1113346
-0.1113346
-0.1113346
-0.1113346
-0.1113346
-0.1113346
-0.1113346
-0.06223701
-0.06223701
-0.06223701
-0.06223701
-0.06223701
-0.06223701
-0.06223701
-0.06223701
-0.06223701
-0.06223701
-0.06223701
-0.06223701
-0.06223701
-0.06223701
-0.06223701
-0.06223701
-0.06223701
-0.06223701
-0.06223701
-0.06223701
0.09670786
0.09670786
0.09670786
0.09670786
0.09670786
0.09670786
0.09670786
0.09463893
0.09463893
0.09463893
0.09463893
0.09463893
0.09463893
0.09463893
0.09463893
0.09463893
0.09463893
0.09463893
0.09463893
0.09463893
0.09463893
0.09463893
0.09463893
0.09463893
0.09463893
0.09463893
0.246015
0.246015
0.246015
0.246015
0.246015
0.246015
0.246015
0.246015
0.246015
0.246015
0.2965163
0.2965163
0.2965163
0.2965163
0.2965163
0.2965163
0.2965163
0.2965163
0.2965163
0.2965163
0.2965163
0.2965163
0.2965163
0.2965163
0.2782887
0.2782887
0.2782887
0.2782887
0.2782887
0.2782887
0.2782887
0.2782887
0.2782887
0.2782887
0.2782887
0.2782887
0.2782887
0.2782887
0.2782887
0.2782887
0.3100386
0.3100386
0.3100386
0.3100386
0.3100386
0.3100386
0.3100386
0.3100386
0.3100386
0.3100386
0.3100386
0.3100386
0.3100386
0.3100386
0.3100386
0.3100386
0.3100386
0.3100386
0.3100386
0.3100386
0.3100386
0.3100386
0.1424553
0.1424553
0.1424553
0.1424553
0.1424553
0.1424553
0.1424553
0.1424553
0.1424553
0.1424553
0.1424553
0.1145182
0.1145182
0.1145182
0.1145182
0.1145182
0.1145182
0.1145182
0.1145182
0.1145182
0.1145182
0.1145182
0.1145182
0.1145182
0.1145182
0.1145182
0.1145182
0.1145182
0.1145182
0.1145182
0.1145182
0.1145182
0.1145182
0.1145182
0.1145182
-0.2743919
-0.2743919
-0.2743919
-0.2743919
-0.2743919
-0.2743919
-0.2743919
-0.2743919
-0.2743919
-0.2743919
-0.2743919
-0.2743919
-0.2743919
-0.2743919
-0.2743919
-0.2743919
-0.2743919
-0.2743919
-0.2743919
-0.2743919
-0.2743919
-0.2743919
-0.2743919
-0.2743919
-0.5204587
-0.5204587
-0.5204587
-0.5204587
-0.5204587
-0.5204587
-0.5204587
-0.5204587
-0.5204587
-0.5204587
-0.5204587
-0.5503851
-0.5503851
-0.5503851
-0.5503851
-0.5503851
-0.5503851
-0.5503851
-0.8807883
-0.8807883
-0.8807883
-0.8807883
-0.8807883
-0.8807883
-0.8807883
-0.8807883
-0.8807883
-0.8807883
-0.8807883
-0.218538
-0.218538
-0.218538
-0.218538
-0.218538
-0.218538
-0.218538
-0.218538
-0.218538
-0.218538
-0.218538
-0.218538
-0.218538
-0.218538
-0.218538
-0.218538
-0.218538
0.1858062
0.1858062
0.1858062
0.1858062
0.1858062
0.1858062
0.1858062
0.1858062
0.1858062
0.1858062
0.1858062
0.1858062
0.1858062
0.1858062
0.1858062
0.1858062
0.1858062
0.3636853
0.3636853
0.3636853
0.3636853
0.3636853
0.3636853
0.3636853
0.3636853
0.3636853
0.3636853
0.3636853
0.3636853
0.3636853
0.3636853
0.3636853
0.3636853
0.3636853
0.3636853
0.3636853
0.3636853
0.4798638
0.4798638
0.4798638
0.4798638
0.4798638
0.4798638
0.4798638
0.4798638
0.4798638
0.4798638
0.4798638
0.4798638
0.4798638
0.4798638
0.4798638
1.332874
1.332874
1.332874
1.332874
1.332874
1.332874
1.332874
1.332874
1.332874
1.332874
1.332874
1.332874
1.332874
1.332874
1.332874
1.332874
1.332874
1.063944
1.063944
1.063944
1.063944
1.063944
1.063944
1.063944
1.063944
1.063944
1.063944
1.063944
1.063944
1.063944
1.063944
1.063944
1.063944
1.063944
1.063944
1.063944
1.067881
1.067881
1.067881
1.067881
1.067881
1.067881
1.067881
1.067881
1.067881
1.067881
1.067881
0.9043875
0.9043875
0.9043875
0.9043875
0.9043875
0.9043875
0.9043875
0.698199
0.698199
0.698199
0.698199
0.698199
0.698199
0.698199
0.698199
0.698199
0.698199
0.698199
0.2313803
0.2313803
0.2313803
0.2313803
0.2313803
0.2313803
0.2313803
0.2313803
0.2313803
0.2313803
0.2313803
0.2313803
0.2313803
0.2313803
0.2313803
0.2313803
0.2313803
0.2313803
0.2313803
0.2313803
0.09907531
0.09907531
0.09907531
0.09907531
0.09907531
0.09907531
0.09907531
0.09907531
0.09907531
0.09907531
0.09907531
0.09907531
0.09907531
0.09907531
0.09907531
0.09907531
0.09907531
0.09907531
0.09907531
0.08947756
0.08947756
0.08947756
0.08947756
0.08947756
0.08947756
0.08947756
0.08947756
0.08947756
0.08947756
0.08947756
0.08947756
0.08947756
0.08947756
0.08947756
0.08947756
0.08947756
0.08947756
0.08947756
0.08947756
0.08947756
0.08947756
0.08947756
0.08947756
0.104738
0.104738
0.104738
0.104738
0.104738
0.104738
0.104738
0.104738
0.104738
0.104738
0.104738
0.104738
0.104738
0.104738
0.104738
0.104738
0.104738
0.1126448
0.1126448
0.1126448
0.1126448
0.1126448
0.1126448
0.1126448
0.1126448
0.1126448
0.1126448
0.1410939
0.1410939
0.1410939
0.1410939
0.1410939
0.1410939
0.1410939
0.1410939
0.1410939
0.1410939
0.1410939
0.1410939
0.1410939
0.1410939
0.1410939
0.194807
0.194807
0.194807
0.194807
0.194807
0.194807
0.194807
0.194807
0.194807
0.194807
0.194807
0.194807
0.194807
0.194807
0.194807
0.05980963
0.05980963
0.05980963
0.05980963
0.05980963
0.05980963
0.05980963
0.05980963
0.05980963
0.05980963
0.05980963
0.05980963
0.05980963
0.05980963
0.05980963
0.05980963
0.07433497
0.07433497
0.07433497
0.07433497
0.07433497
0.07433497
0.07433497
0.07433497
0.07433497
0.07433497
0.07433497
0.07433497
0.07433497
0.07433497
0.07433497
0.07433497
0.07433497
0.07433497
0.07433497
0.05434075
0.05434075
0.05434075
0.05434075
0.05434075
0.05434075
0.05434075
0.05434075
0.05434075
0.05434075
0.05434075
0.05434075
0.05434075
0.05434075
0.05434075
0.05434075
0.05434075
0.05434075
0.05434075
0.05434075
0.05434075
0.05434075
0.05434075
0.05434075
-0.01239795
-0.01239795
-0.01239795
-0.01239795
-0.01239795
-0.01239795
-0.01239795
-0.01239795
-0.01239795
-0.01239795
-0.01239795
-0.01239795
-0.01239795
-0.01239795
-0.01239795
-0.01239795
-0.01239795
0.03695172
0.03695172
0.03695172
0.03695172
0.03695172
0.03695172
0.03695172
0.03695172
0.03695172
0.03695172
0.03695172
0.03695172
0.03695172
0.03695172
0.03695172
0.03695172
0.03695172
0.1029204
0.1029204
0.1029204
0.1029204
0.1029204
0.1029204
0.1029204
0.1029204
0.1029204
0.1029204
0.1029204
0.1029204
0.1061404
0.1061404
0.1061404
0.1061404
0.1061404
0.1061404
0.1061404
0.1061404
0.1061404
0.1061404
0.1061404
0.1061404
0.1061404
0.1061404
0.1061404
0.1061404
0.1061404
0.1061404
0.1061404
0.1061404
0.1061404
0.1061404
0.02180211
0.02180211
0.02180211
0.02180211
0.02180211
0.02180211
0.02180211
0.02180211
0.02180211
0.02180211
0.02180211
0.02180211
0.02180211
0.02180211
0.1672107
0.1672107
0.1672107
0.1672107
0.1672107
0.1672107
0.1672107
0.1672107
0.1672107
0.1672107
0.1672107
0.1672107
0.1672107
0.1672107
0.154871
0.154871
0.154871
0.154871
0.154871
0.154871
0.154871
0.154871
0.154871
0.154871
0.154871
0.154871
0.154871
0.154871
0.154871
0.154871
0.154871
0.154871
0.154871
0.154871
0.154871
0.09059432
0.09059432
0.09059432
0.09059432
0.09059432
0.09059432
0.09059432
0.09059432
0.09059432
0.09059432
0.09059432
0.1242776
0.1242776
0.1242776
0.1242776
0.1242776
0.1242776
0.1242776
0.1242776
0.1242776
0.1242776
0.1242776
0.1242776
0.1242776
0.1242776
0.1242776
0.1242776
0.1242776
0.1242776
0.1242776
0.1242776
0.1242776
0.141922
0.141922
0.141922
0.141922
0.141922
0.141922
0.141922
0.141922
0.141922
0.141922
0.141922
0.141922
0.141922
0.141922
0.141922
0.141922
0.141922
0.1109841
0.1109841
0.1109841
0.1109841
0.1109841
0.1109841
0.1109841
0.1109841
0.1109841
0.1109841
0.1109841
0.08096677
0.08096677
0.08096677
0.08096677
0.08096677
0.08096677
0.08096677
0.08096677
0.08096677
0.08096677
0.08096677
0.08096677
0.1084407
0.1084407
0.1084407
0.1084407
0.1084407
0.1084407
0.1084407
0.1084407
0.1084407
0.1084407
0.1084407
0.1084407
0.1084407
0.1084407
0.1084407
0.1084407
0.08462437
0.08462437
0.08462437
0.08462437
0.08462437
0.08462437
0.08462437
0.08462437
0.08462437
0.08462437
0.08462437
0.08462437
0.08462437
0.08462437
0.08462437
0.08462437
0.08462437
0.08462437
0.08462437
0.08462437
0.08462437
-0.009136581
-0.009136581
-0.009136581
-0.009136581
-0.009136581
-0.009136581
-0.009136581
-0.009136581
-0.009136581
-0.009136581
0.04208622
0.04208622
0.04208622
0.04208622
0.04208622
0.04208622
0.04208622
0.04208622
0.04208622
0.04208622
0.04208622
0.04208622
0.04208622
0.04208622
0.04208622
0.04208622
0.04208622
0.04208622
0.04208622
0.04208622
0.01649007
0.01649007
0.01649007
0.01649007
0.01649007
0.01649007
0.01649007
0.1071963
0.1071963
0.1071963
0.1071963
0.1071963
0.1071963
0.1071963
0.1071963
0.1071963
0.1071963
0.1071963
0.1071963
0.1071963
0.1071963
0.1071963
0.1071963
0.1071963
0.1071963
0.1071963
0.1388241
0.1388241
0.1388241
0.1388241
0.1388241
0.1388241
0.1388241
0.1388241
0.1388241
0.1388241
0.1388241
0.1388241
0.1388241
0.1388241
0.1388241
0.1388241
0.02532026
0.02532026
0.02532026
0.02532026
0.02532026
0.02532026
0.02532026
0.02532026
0.02532026
0.02532026
0.02532026
0.02532026
0.02532026
0.02532026
0.02532026
0.02532026
0.02532026
0.02532026
0.02532026
0.1228916
0.1228916
0.1228916
0.1228916
0.1228916
0.1228916
0.1228916
0.1228916
0.1228916
0.1228916
0.1228916
0.1228916
0.1228916
0.1228916
0.1228916
0.1228916
0.1228916
0.1228916
0.1228916
0.1228916
0.1228916
0.124765
0.124765
0.124765
0.124765
0.124765
0.124765
0.124765
0.124765
0.124765
0.124765
0.124765
0.124765
0.124765
0.124765
0.124765
0.1133388
0.1133388
0.1133388
0.1133388
0.1133388
0.1133388
0.1133388
0.1133388
0.1133388
0.1133388
0.1133388
0.1133388
0.1133388
0.1133388
0.1133388
0.1133388
0.1133388
0.1133388
0.1133388
0.05558012
0.05558012
0.05558012
0.05558012
0.05558012
0.05558012
0.05558012
0.05558012
0.05558012
0.05558012
0.05558012
0.05558012
0.05558012
0.05558012
0.05558012
0.05558012
0.05558012
0.06318731
0.06318731
0.06318731
0.06318731
0.06318731
0.06318731
0.06318731
0.06318731
0.06318731
0.06318731
0.06318731
0.06318731
0.06318731
0.06318731
0.144935
0.144935
0.144935
0.144935
0.144935
0.144935
0.144935
0.02773574
0.02773574
0.02773574
0.02773574
0.02773574
0.02773574
0.02773574
0.02773574
0.02773574
0.02773574
0.02773574
0.02773574
0.02773574
0.02773574
0.02773574
0.02773574
0.02773574
0.05624888
0.05624888
0.05624888
0.05624888
0.05624888
0.05624888
0.05624888
0.05624888
0.05624888
0.05624888
0.05624888
0.05624888
0.05624888
0.05624888
0.05624888
0.05624888
0.05624888
0.05624888
0.05624888
0.03563247
0.03563247
0.03563247
0.03563247
0.03563247
0.03563247
0.03563247
0.03563247
0.03563247
0.03563247
0.03563247
0.03563247
0.03563247
0.03563247
0.1159183
0.1159183
0.1159183
0.1159183
0.1159183
0.1159183
0.1159183
0.1159183
0.1159183
0.1159183
0.1159183
0.1159183
0.1159183
0.1159183
0.1159183
0.1159183
0.1159183
0.1159183
0.1159183
0.1159183
0.1159183
0.05925493
0.05925493
0.05925493
0.05925493
0.05925493
0.05925493
0.05925493
0.05925493
0.05925493
0.05925493
0.05925493
0.07383558
0.07383558
0.07383558
0.07383558
0.07383558
0.07383558
0.07383558
0.07383558
0.07383558
0.07383558
0.07383558
0.07383558
0.07383558
0.07383558
0.2170003
0.2170003
0.2170003
0.2170003
0.2170003
0.2170003
0.2170003
0.2170003
0.2170003
0.2170003
0.2170003
0.2170003
0.2170003
0.2170003
0.2170003
0.2170003
0.2170003
0.2170003
0.2170003
0.2930083
0.2930083
0.2930083
0.2930083
0.2930083
0.2930083
0.2930083
0.2930083
0.2930083
0.2930083
0.2930083
0.2930083
0.2930083
0.2930083
0.1859548
0.1859548
0.1859548
0.1859548
0.1859548
0.1859548
0.1859548
0.1859548
0.1859548
0.1859548
0.1859548
0.1859548
0.1859548
0.1859548
0.2060254
0.2060254
0.2060254
0.2060254
0.2060254
0.2060254
0.2060254
0.2060254
0.2060254
0.2060254
0.2060254
0.2060254
0.2060254
0.2060254
0.2060254
0.2060254
0.2060254
0.2060254
0.2060254
0.2060254
0.2060254
0.2060254
0.2060254
0.2060254
0.2060254
0.1929285
0.1929285
0.1929285
0.1929285
0.1929285
0.1929285
0.1929285
0.1929285
0.1929285
0.1929285
0.1929285
0.1929285
0.2095046
0.2095046
0.2095046
0.2095046
0.2095046
0.2095046
0.2095046
0.2095046
0.2095046
0.2095046
0.2095046
0.2095046
0.2095046
0.2095046
0.2095046
0.2095046
0.2095046
0.2019535
0.2019535
0.2019535
0.2019535
0.2019535
0.2019535
0.2019535
0.2019535
0.2019535
0.2019535
0.2019535
0.2019535
0.2019535
0.2019535
0.2019535
0.2019535
0.2019535
0.2019535
0.2019535
0.189104
0.189104
0.189104
0.189104
0.189104
0.189104
0.189104
0.189104
0.189104
0.189104
0.189104
0.189104
0.189104
0.189104
0.189104
0.189104
0.189104
0.189104
0.189104
0.1596545
0.1596545
0.1596545
0.1596545
0.1596545
0.1596545
0.1596545
0.1596545
0.1596545
0.1596545
0.1596545
0.1596545
0.1596545
0.1596545
0.1596545
0.1596545
0.1596545
0.1596545
0.1596545
0.1596545
0.2083491
0.2083491
0.2083491
0.2083491
0.2083491
0.2083491
0.2083491
0.2083491
0.2083491
0.2083491
0.2083491
0.2083491
0.2083491
0.2083491
0.2083491
0.2083491
0.2083491
0.2234806
0.2234806
0.2234806
0.2234806
0.2234806
0.2234806
0.2234806
0.2234806
0.2234806
0.2234806
0.2234806
0.2234806
0.2234806
0.2234806
0.2234806
0.2234806
0.2120772
0.2120772
0.2120772
0.2120772
0.2120772
0.2120772
0.2120772
0.2853469
0.2853469
0.2853469
0.2853469
0.2853469
0.2853469
0.2853469
0.2853469
0.2853469
0.2853469
0.2853469
0.2853469
0.2853469
0.2853469
0.2853469
0.2853469
0.2853469
0.2853469
0.2853469
0.2853469
0.2853469
0.2853469
0.2853469
0.2853469
0.2419752
0.2419752
0.2419752
0.2419752
0.2419752
0.2419752
0.2419752
0.255437
0.255437
0.255437
0.255437
0.255437
0.255437
0.255437
0.255437
0.255437
0.255437
0.255437
0.255437
0.255437
0.255437
0.255437
0.255437
0.255437
0.255437
0.255437
0.255437
0.255437
0.2167965
0.2167965
0.2167965
0.2167965
0.2167965
0.2167965
0.2167965
0.2167965
0.2167965
0.2167965
0.2167965
0.2167965
0.2167965
0.2167965
0.2167965
0.2167965
0.2167965
0.2167965
0.2167965
0.1360728
0.1360728
0.1360728
0.1360728
0.1360728
0.1360728
0.1360728
0.1360728
0.1360728
0.1360728
0.1360728
0.1701045
0.1701045
0.1701045
0.1701045
0.1701045
0.1701045
0.1701045
0.1701045
0.1701045
0.1701045
0.1701045
0.1701045
0.1701045
0.1701045
0.1140635
0.1140635
0.1140635
0.1140635
0.1140635
0.1140635
0.1140635
0.1140635
0.1140635
0.1140635
0.1140635
0.1140635
0.08391101
0.08391101
0.08391101
0.08391101
0.08391101
0.08391101
0.08391101
0.08391101
0.08391101
0.08391101
0.08391101
0.08391101
0.08391101
0.08391101
0.08391101
0.08391101
0.08391101
0.08391101
0.08391101
0.08391101
0.1028186
0.1028186
0.1028186
0.1028186
0.1028186
0.1028186
0.1028186
0.1028186
0.1028186
0.1028186
0.1028186
0.1115484
0.1115484
0.1115484
0.1115484
0.1115484
0.1115484
0.1115484
0.1115484
0.1115484
0.1115484
0.1115484
0.1115484
0.1115484
0.1115484
0.1115484
0.1115484
0.1115484
0.1115484
0.1115484
0.1115484
0.1115484
0.1115484
0.08237828
0.08237828
0.08237828
0.08237828
0.08237828
0.08237828
0.08237828
0.08237828
0.08237828
0.08237828
0.08237828
0.08237828
0.08237828
0.08237828
0.08237828
0.08237828
0.10864
0.10864
0.10864
0.10864
0.10864
0.10864
0.10864
0.10864
0.10864
0.10864
0.10864
0.10864
0.10864
0.10864
0.10864
0.10864
0.10864
0.10864
0.10864
0.10864
0.10864
0.10864
0.10864
0.10864
0.03374037
0.03374037
0.03374037
0.03374037
0.03374037
0.03374037
0.03374037
0.03374037
0.03374037
0.03374037
0.03374037
0.09656904
0.09656904
0.09656904
0.09656904
0.09656904
0.09656904
0.09656904
0.09656904
0.09656904
0.09656904
0.09656904
0.09656904
0.09656904
0.09656904
0.04644647
0.04644647
0.04644647
0.04644647
0.04644647
0.04644647
0.04644647
0.04644647
0.04644647
0.04644647
0.04644647
0.01686573
0.01686573
0.01686573
0.01686573
0.01686573
0.01686573
0.01686573
0.01686573
0.01686573
0.01686573
0.01686573
0.01686573
0.01686573
0.01686573
0.05261305
0.05261305
0.05261305
0.05261305
0.05261305
0.05261305
0.05261305
0.05261305
0.05261305
0.05261305
0.05261305
0.05261305
0.05261305
0.05261305
0.05261305
0.05261305
0.05261305
0.05261305
0.05261305
0.05261305
0.05261305
0.05261305
0.05261305
0.03274858
0.03274858
0.03274858
0.03274858
0.03274858
0.03274858
0.03274858
0.03274858
0.03274858
0.03274858
0.0782008
0.0782008
0.0782008
0.0782008
0.0782008
0.0782008
0.0782008
0.0782008
0.0782008
0.0782008
0.0782008
0.0782008
0.0782008
0.0782008
0.0782008
0.0782008
0.0782008
0.07092211
0.07092211
0.07092211
0.07092211
0.07092211
0.07092211
0.07092211
0.07092211
0.07092211
0.07092211
0.07092211
0.07092211
0.07092211
0.07092211
0.07092211
0.07092211
0.07092211
0.07092211
0.07092211
0.07092211
0.07092211
0.07092211
0.09416024
0.09416024
0.09416024
0.09416024
0.09416024
0.09416024
0.09416024
0.09416024
0.09416024
0.09416024
0.09416024
0.09416024
0.09416024
0.09416024
0.09416024
0.09416024
0.09416024
0.09416024
0.09416024
0.09416024
0.09416024
0.09416024
0.09416024
0.09416024
0.0535107
0.0535107
0.0535107
0.0535107
0.0535107
0.0535107
0.0535107
0.0535107
0.0535107
0.0535107
0.0535107
0.0535107
0.0535107
0.0535107
0.0535107
0.0535107
0.0535107
0.0535107
0.0535107
0.1111107
0.1111107
0.1111107
0.1111107
0.1111107
0.1111107
0.1111107
0.1111107
0.1111107
0.1111107
0.1111107
0.1111107
0.1111107
0.1111107
0.1111107
0.1111107
0.1111107
0.07182421
0.07182421
0.07182421
0.07182421
0.07182421
0.07182421
0.07182421
0.07182421
0.07182421
0.07182421
0.03896767
0.03896767
0.03896767
0.03896767
0.03896767
0.03896767
0.03896767
0.03896767
0.03896767
0.03896767
0.03896767
0.03896767
0.03896767
0.03896767
0.03896767
0.05880144
0.05880144
0.05880144
0.05880144
0.05880144
0.05880144
0.05880144
0.05880144
0.05880144
0.05880144
0.05880144
0.009104791
0.009104791
0.009104791
0.009104791
0.009104791
0.009104791
0.009104791
0.009104791
0.009104791
0.009104791
0.009104791
0.009104791
0.009104791
0.009104791
0.009104791
0.009104791
0.009104791
0.009104791
0.009104791
0.1231099
0.1231099
0.1231099
0.1231099
0.1231099
0.1231099
0.1231099
0.1231099
0.1231099
0.1231099
0.1231099
0.1231099
0.1231099
0.1231099
0.1231099
0.1231099
0.1231099
0.1231099
0.1231099
0.1231099
0.1231099
0.1231099
0.147069
0.147069
0.147069
0.147069
0.147069
0.147069
0.147069
0.147069
0.147069
0.147069
0.147069
0.147069
0.147069
0.147069
0.147069
0.147069
0.147069
0.147069
0.147069
0.147069
0.147069
0.147069
0.12216
0.12216
0.12216
0.12216
0.12216
0.12216
0.12216
0.12216
0.12216
0.12216
0.12216
0.12216
0.12216
0.12216
0.12216
0.12216
0.12216
0.12216
0.12216
0.12216
0.12216
0.12216
0.09357863
0.09357863
0.09357863
0.09357863
0.09357863
0.09357863
0.09357863
0.09357863
0.09357863
0.09357863
0.09357863
0.09357863
0.09357863
0.09357863
0.09357863
0.09357863
0.09357863
0.09357863
0.09357863
0.09357863
0.09357863
0.09357863
0.09357863
0.09357863
0.09357863
0.1210919
0.1210919
0.1210919
0.1210919
0.1210919
0.1210919
0.1210919
0.1210919
0.1210919
0.1210919
0.1210919
0.1210919
0.0791647
0.0791647
0.0791647
0.0791647
0.0791647
0.0791647
0.0791647
0.0791647
0.0791647
0.0791647
0.0791647
0.0791647
0.0791647
0.0791647
0.0791647
0.08644921
0.08644921
0.08644921
0.08644921
0.08644921
0.08644921
0.08644921
0.08644921
0.08644921
0.08644921
0.08644921
0.08644921
0.08644921
0.08644921
0.08644921
0.08644921
0.08644921
0.08644921
0.08644921
0.08644921
0.08644921
0.08644921
0.08644921
0.08644921
0.08638319
0.08638319
0.08638319
0.08638319
0.08638319
0.08638319
0.08638319
0.08638319
0.08638319
0.08638319
0.08638319
0.08638319
0.08638319
0.08638319
0.08655876
0.08655876
0.08655876
0.08655876
0.08655876
0.08655876
0.08655876
0.08655876
0.08655876
0.08655876
0.08655876
0.08655876
0.08655876
0.08655876
0.08655876
0.08655876
0.08655876
0.08655876
0.08655876
0.1275997
0.1275997
0.1275997
0.1275997
0.1275997
0.1275997
0.1275997
0.1275997
0.1275997
0.1275997
0.1275997
0.1275997
0.1275997
0.1275997
0.1275997
0.1275997
0.1275997
0.1275997
0.1275997
0.1275997
0.1275997
0.02242389
0.02242389
0.02242389
0.02242389
0.02242389
0.02242389
0.02242389
0.02242389
0.02242389
0.02242389
0.02242389
0.02242389
0.02242389
0.02242389
0.110423
0.110423
0.110423
0.110423
0.110423
0.110423
0.110423
0.110423
0.110423
0.110423
0.110423
0.110423
0.110423
0.110423
0.110423
0.110423
0.110423
0.2013539
0.2013539
0.2013539
0.2013539
0.2013539
0.2013539
0.2013539
0.2013539
0.2013539
0.2013539
0.2013539
0.2013539
0.2013539
0.2013539
0.2013539
0.2013539
0.2013539
0.2013539
0.2013539
0.1067163
0.1067163
0.1067163
0.1067163
0.1067163
0.1067163
0.1067163
0.1067163
0.1067163
0.1067163
0.1067163
0.1067163
0.1067163
0.1067163
0.1067163
0.1067163
0.1067163
0.1067163
0.1067163
0.09992422
0.09992422
0.09992422
0.09992422
0.09992422
0.09992422
0.09992422
0.09992422
0.09992422
0.09992422
0.1758179
0.1758179
0.1758179
0.1758179
0.1758179
0.1758179
0.1758179
0.1758179
0.1758179
0.1758179
0.1758179
0.1760833
0.1760833
0.1760833
0.1760833
0.1760833
0.1760833
0.1760833
0.1760833
0.1760833
0.1760833
0.1760833
0.1760833
0.1760833
0.1760833
0.1760833
0.1760833
0.1760833
0.1760833
0.1760833
0.121629
0.121629
0.121629
0.121629
0.121629
0.121629
0.121629
0.121629
0.121629
0.121629
0.121629
0.121629
0.121629
0.121629
0.121629
0.1088608
0.1088608
0.1088608
0.1088608
0.1088608
0.1088608
0.1088608
0.1088608
0.1088608
0.1088608
0.1088608
0.1088608
0.1088608
0.1088608
0.1088608
0.1088608
0.1088608
0.1088608
0.1088608
0.1705807
0.1705807
0.1705807
0.1705807
0.1705807
0.1705807
0.1705807
0.1705807
0.1705807
0.1705807
0.1705807
0.1705807
0.1705807
0.1705807
0.1705807
0.1705807
0.1705807
0.1705807
0.1705807
0.1235208
0.1235208
0.1235208
0.1235208
0.1235208
0.1235208
0.1235208
0.1235208
0.1235208
0.1235208
0.09409776
0.09409776
0.09409776
0.09409776
0.09409776
0.09409776
0.09409776
0.09409776
0.09409776
0.09409776
0.09409776
0.09409776
0.09409776
0.09409776
0.09409776
0.09409776
0.09409776
0.09409776
0.09409776
0.09409776
0.09409776
0.09409776
0.09409776
0.09409776
0.02024872
0.02024872
0.02024872
0.02024872
0.02024872
0.02024872
0.02024872
0.02024872
0.02024872
0.02024872
0.02024872
0.158717
0.158717
0.158717
0.158717
0.158717
0.158717
0.158717
0.158717
0.158717
0.158717
0.158717
0.158717
0.158717
0.158717
0.158717
0.158717
0.158717
0.158717
0.158717
0.03996356
0.03996356
0.03996356
0.03996356
0.03996356
0.03996356
0.03996356
0.03996356
0.03996356
0.03996356
0.03996356
0.03996356
0.03996356
0.03996356
-0.139714
-0.139714
-0.139714
-0.139714
-0.139714
-0.139714
-0.139714
-0.139714
-0.139714
-0.139714
-0.139714
-0.139714
-0.139714
-0.139714
-0.139714
-0.139714
-0.139714
-0.139714
-0.139714
-0.139714
-0.139714
-0.139714
-0.139714

