3.128976e-16
3.128976e-16
3.128976e-16
3.128976e-16
3.128976e-16
3.128976e-16
3.128976e-16
3.128976e-16
3.128976e-16
3.128976e-16
3.128976e-16
3.128976e-16
3.128976e-16
3.128976e-16
1.850936e-13
7.183709e-12
3.582613e-14
3.128976e-16
3.128976e-16
3.128976e-16
6.574549e-15
3.128976e-16
3.128976e-16
5.388646e-13
5.388646e-13
3.128976e-16
6.235167e-14
7.183709e-12
5.275303e-11
1.191763e-11
3.128976e-16
3.128976e-16
3.128976e-16
3.128976e-16
3.128976e-16
3.128976e-16
3.128976e-16
3.128976e-16
3.128976e-16
3.128976e-16
3.128976e-16
3.128976e-16
3.128976e-16
3.128976e-16
3.128976e-16
3.128976e-16
3.128976e-16
3.128976e-16
3.128976e-16
3.128976e-16
3.128976e-16
3.128976e-16
3.128976e-16
3.128976e-16
3.128976e-16
3.128976e-16
3.128976e-16
3.128976e-16
3.128976e-16
3.128976e-16
3.128976e-16
3.128976e-16
3.128976e-16
3.128976e-16
3.128976e-16
3.128976e-16
3.128976e-16
3.128976e-16
3.128976e-16
3.128976e-16
3.128976e-16
3.128976e-16
6.114915e-16
2.060489e-14
1.171649e-14
4.368568e-12
2.234101e-10
5.669075e-10
5.669075e-10
1.410171e-09
5.275303e-11
5.31916e-09
1.5394e-07
5.31916e-09
1.5394e-07
4.98686e-07
3.386842e-07
3.578874e-10
7.183709e-12
5.31916e-09
3.461386e-09
1.549699e-12
1.073105e-13
3.128976e-16
3.128976e-16
3.128976e-16
3.128976e-16
3.128976e-16
3.128976e-16
3.128976e-16
3.128976e-16
3.128976e-16
3.128976e-16
3.128976e-16
3.128976e-16
3.128976e-16
3.128976e-16
3.128976e-16
3.128976e-16
3.128976e-16
6.114915e-16
3.128976e-16
3.128976e-16
3.128976e-16
3.128976e-16
3.128976e-16
3.128976e-16
3.128976e-16
3.128976e-16
3.128976e-16
3.128976e-16
3.128976e-16
3.128976e-16
3.128976e-16
3.128976e-16
3.128976e-16
3.128976e-16
3.128976e-16
3.128976e-16
3.128976e-16
3.128976e-16
3.128976e-16
3.128976e-16
3.128976e-16
3.128976e-16
3.128976e-16
3.128976e-16
3.128976e-16
3.128976e-16
6.114915e-16
3.128976e-16
3.128976e-16
3.128976e-16
3.128976e-16
3.128976e-16
3.128976e-16
3.128976e-16
3.128976e-16
3.128976e-16
3.128976e-16
3.128976e-16
3.128976e-16
3.128976e-16
3.128976e-16
3.128976e-16
3.128976e-16
3.128976e-16
3.128976e-16
3.128976e-16
3.128976e-16
2.123405e-15
1.073105e-13
6.574549e-15
9.161097e-13
2.234101e-10
3.250078e-11
3.461386e-09
8.991988e-10
2.234101e-10
3.386842e-07
1.5394e-07
7.306e-07
1.5394e-07
1.267655e-08
1.267655e-08
1.410171e-09
5.388646e-13
4.368568e-12
3.582613e-14
