0
0
0
0
0
0
0
0
0
0
0
0
0
-0.7986479
-0.7986479
-0.7986479
-0.7986479
-0.7986479
-0.7986479
-0.7986479
-0.7320651
-0.7320651
-0.7320651
-0.7320651
-0.7320651
-0.7320651
-0.7320651
-0.7320651
-0.7320651
-0.7320651
-0.7320651
-0.7320651
-0.7320651
-0.7320651
-0.7320651
-0.7320651
-0.7320651
-0.7320651
-0.7320651
-0.5873793
-0.5873793
-0.5873793
-0.5873793
-0.5873793
-0.5873793
-0.5873793
-0.5873793
-0.5873793
-0.5873793
-0.5873793
-0.5873793
-0.5873793
-0.5873793
-0.5873793
-0.5873793
-0.6870839
-0.6870839
-0.6870839
-0.6870839
-0.6870839
-0.6870839
-0.6870839
-0.6870839
-0.6870839
-0.6870839
-0.6870839
-0.6870839
-0.6870839
-0.6870839
-0.8199681
-0.8199681
-0.8199681
-0.8199681
-0.8199681
-0.8199681
-0.8199681
-0.8199681
-0.8199681
-0.8199681
-0.8199681
-0.8199681
-0.8199681
-0.8199681
-0.8199681
-0.8199681
-0.8199681
-0.9335602
-0.9335602
-0.9335602
-0.9335602
-0.9335602
-0.9335602
-0.9335602
-0.9335602
-0.9335602
-0.9335602
-0.9335602
-0.9335602
-0.9335602
-0.9335602
-0.9335602
-0.9335602
-0.9335602
-0.9335602
-0.9335602
-1.250518
-1.250518
-1.250518
-1.250518
-1.250518
-1.250518
-1.250518
-1.250518
-1.250518
-1.250518
-1.250518
-1.250518
-1.250518
-1.250518
-1.250518
-1.250518
-1.250518
-1.206828
-1.206828
-1.206828
-1.206828
-1.206828
-1.206828
-1.206828
-1.206828
-1.206828
-1.206828
-1.206828
-1.206828
-1.206828
-1.206828
-0.9635972
-0.9635972
-0.9635972
-0.9635972
-0.9635972
-0.9635972
-0.9635972
-0.9635972
-0.9635972
-0.9635972
-0.9635972
-0.9635972
-0.9635972
-0.9635972
-0.9635972
-0.9635972
-0.9635972
-0.9635972
-0.9635972
-1.110102
-1.110102
-1.110102
-1.110102
-1.110102
-1.110102
-1.110102
-1.110102
-1.110102
-1.110102
-1.110102
-1.110102
-1.110102
-1.110102
-1.110102
-1.110102
-0.8747707
-0.8747707
-0.8747707
-0.8747707
-0.8747707
-0.8747707
-0.8747707
-0.8747707
-0.8747707
-0.8747707
-0.8747707
-0.7727437
-0.7727437
-0.7727437
-0.7727437
-0.7727437
-0.7727437
-0.7727437
-0.7727437
-0.7727437
-0.7727437
-0.7727437
-0.7727437
-0.7727437
-0.7727437
-0.6422758
-0.6422758
-0.6422758
-0.6422758
-0.6422758
-0.6422758
-0.6422758
-0.6422758
-0.6422758
-0.6422758
-0.6422758
-0.6422758
-0.6422758
-0.6422758
-0.6422758
-0.6422758
-0.4687518
-0.4687518
-0.4687518
-0.4687518
-0.4687518
-0.4687518
-0.4687518
-0.4687518
-0.4687518
-0.4687518
-0.4687518
-0.4687518
-0.4687518
-0.4687518
-0.3773207
-0.3773207
-0.3773207
-0.3773207
-0.3773207
-0.3773207
-0.3773207
-0.3773207
-0.3773207
-0.3773207
-0.3773207
-0.3773207
-0.3773207
-0.3773207
-0.3773207
-0.3773207
-0.3773207
-0.3773207
-0.3773207
-0.5004436
-0.5004436
-0.5004436
-0.5004436
-0.5004436
-0.5004436
-0.5004436
-0.770173
-0.770173
-0.770173
-0.770173
-0.770173
-0.770173
-0.770173
-0.770173
-0.770173
-0.770173
-0.770173
-0.6645726
-0.6645726
-0.6645726
-0.6645726
-0.6645726
-0.6645726
-0.6645726
-0.6645726
-0.6645726
-0.6645726
-0.6645726
-0.6645726
-0.6645726
-0.6645726
-0.6645726
-0.6645726
-0.6645726
-0.6645726
-0.6645726
-0.6645726
-0.6645726
-0.6645726
-0.683582
-0.683582
-0.683582
-0.683582
-0.683582
-0.683582
-0.683582
-0.683582
-0.683582
-0.683582
-0.683582
-0.683582
-0.683582
-0.683582
-0.683582
-0.683582
-0.683582
-0.683582
-0.683582
-0.7429821
-0.7429821
-0.7429821
-0.7429821
-0.7429821
-0.7429821
-0.7429821
-0.7429821
-0.7429821
-0.7429821
-0.7429821
-0.7429821
-0.8185395
-0.8185395
-0.8185395
-0.8185395
-0.8185395
-0.8185395
-0.8185395
-0.8185395
-0.8185395
-0.8185395
-0.8185395
-0.8185395
-0.8185395
-0.8185395
-0.8185395
-0.8185395
-0.8185395
-0.8185395
-0.8185395
-0.8051721
-0.8051721
-0.8051721
-0.8051721
-0.8051721
-0.8051721
-0.8051721
-0.8051721
-0.8051721
-0.8051721
-0.8051721
-0.8051721
-0.8051721
-0.8051721
-0.8051721
-0.8051721
-0.8051721
-0.8051721
-0.8051721
-0.8051721
-0.8051721
-0.8051721
-0.6154509
-0.6154509
-0.6154509
-0.6154509
-0.6154509
-0.6154509
-0.6154509
-0.6154509
-0.6154509
-0.6154509
-0.6154509
-0.6154509
-0.6154509
-0.6154509
-0.6881155
-0.6881155
-0.6881155
-0.6881155
-0.6881155
-0.6881155
-0.6881155
-0.6881155
-0.6881155
-0.6881155
-0.6881155
-0.6881155
-0.6881155
-0.6881155
-0.6881155
-0.6881155
-0.6881155
-0.6881155
-0.6881155
-0.6599087
-0.6599087
-0.6599087
-0.6599087
-0.6599087
-0.6599087
-0.6599087
-0.6599087
-0.6599087
-0.6599087
-0.53226
-0.53226
-0.53226
-0.53226
-0.53226
-0.53226
-0.53226
-0.53226
-0.53226
-0.53226
-0.53226
-0.53226
-0.53226
-0.53226
-0.53226
-0.53226
-0.53226
-0.53226
-0.53226
-0.5400524
-0.5400524
-0.5400524
-0.5400524
-0.5400524
-0.5400524
-0.5400524
-0.5400524
-0.5400524
-0.5400524
-0.5400524
-0.5400524
-0.5400524
-0.5400524
-0.5400524
-0.5400524
-0.5400524
-0.5400524
-0.5400524
-0.5400524
-0.5400524
-0.5400524
-0.5400524
-0.5400524
-0.4485688
-0.4485688
-0.4485688
-0.4485688
-0.4485688
-0.4485688
-0.4485688
-0.4485688
-0.4485688
-0.4485688
-0.3515489
-0.3515489
-0.3515489
-0.3515489
-0.3515489
-0.3515489
-0.3515489
-0.3515489
-0.3515489
-0.3515489
-0.3515489
-0.3515489
-0.3515489
-0.3515489
-0.3515489
-0.3515489
-0.3515489
-0.3515489
-0.3515489
-0.3515489
-0.3515489
-0.3515489
-0.3515489
-0.3515489
-0.6878336
-0.6878336
-0.6878336
-0.6878336
-0.6878336
-0.6878336
-0.6878336
-0.6878336
-0.6878336
-0.6878336
-0.6878336
-0.6878336
-0.6878336
-0.6878336
-0.6927117
-0.6927117
-0.6927117
-0.6927117
-0.6927117
-0.6927117
-0.6927117
-0.6927117
-0.6927117
-0.6927117
-1.135586
-1.135586
-1.135586
-1.135586
-1.135586
-1.135586
-1.135586
-1.135586
-1.135586
-1.135586
-1.135586
-1.135586
-1.135586
-1.135586
-1.135586
-1.379254
-1.379254
-1.379254
-1.379254
-1.379254
-1.379254
-1.379254
-1.379254
-1.379254
-1.379254
-1.379254
-1.379254
-1.379254
-1.379254
-1.379254
-1.379254
-1.379254
-1.379254
-1.379254
-1.379254
-1.379254
-2.066358
-2.066358
-2.066358
-2.066358
-2.066358
-2.066358
-2.066358
-2.066358
-2.066358
-2.066358
-2.066358
-2.066358
-2.066358
-2.066358
-2.739999
-2.739999
-2.739999
-2.739999
-2.739999
-2.739999
-2.739999
-2.739999
-2.739999
-2.739999
-2.739999
-2.739999
-2.739999
-2.739999
-3.131072
-3.131072
-3.131072
-3.131072
-3.131072
-3.131072
-3.131072
-3.131072
-3.131072
-3.131072
-3.131072
-3.131072
-3.131072
-3.131072
-3.131072
-3.131072
-3.131072
-3.131072
-3.131072
-3.131072
-3.131072
-3.131072
-3.306842
-3.306842
-3.306842
-3.306842
-3.306842
-3.306842
-3.306842
-3.306842
-3.306842
-3.306842
-3.306842
-3.306842
-3.306842
-3.306842
-3.306842
-3.306842
-3.306842
-3.306842
-3.306842
-3.306842
-3.306842
-3.306842
-3.306842
-3.306842
-2.694929
-2.694929
-2.694929
-2.694929
-2.694929
-2.694929
-2.694929
-2.694929
-2.694929
-2.694929
-2.694929
-2.694929
-2.694929
-2.694929
-2.694929
-2.694929
-2.694929
-2.694929
-2.694929
-2.694929
-2.154768
-2.154768
-2.154768
-2.154768
-2.154768
-2.154768
-2.154768
-2.154768
-2.154768
-2.154768
-1.622298
-1.622298
-1.622298
-1.622298
-1.622298
-1.622298
-1.622298
-1.622298
-1.622298
-1.622298
-1.081016
-1.081016
-1.081016
-1.081016
-1.081016
-1.081016
-1.081016
-1.081016
-1.081016
-1.081016
-1.081016
-1.081016
-1.081016
-1.081016
-1.081016
-1.081016
-1.100704
-1.100704
-1.100704
-1.100704
-1.100704
-1.100704
-1.100704
-1.100704
-1.100704
-1.100704
-1.100704
-1.100704
-1.100704
-1.100704
-1.100704
-1.100704
-1.100704
-1.100704
-1.100704
-0.8347983
-0.8347983
-0.8347983
-0.8347983
-0.8347983
-0.8347983
-0.8347983
-0.8347983
-0.8347983
-0.8347983
-0.8347983
-0.8347983
-0.8347983
-0.8347983
-0.8347983
-0.8347983
-0.8347983
-0.6165592
-0.6165592
-0.6165592
-0.6165592
-0.6165592
-0.6165592
-0.6165592
-0.6165592
-0.6165592
-0.6165592
-0.6165592
-0.6165592
-0.6165592
-0.6165592
-0.6165592
-0.6165592
-0.6165592
-0.6165592
-0.6165592
-0.6165592
-0.6165592
-0.6165592
-0.6165592
-0.6165592
-0.7195124
-0.7195124
-0.7195124
-0.7195124
-0.7195124
-0.7195124
-0.7195124
-0.7195124
-0.7195124
-0.7195124
-0.7195124
-0.7195124
-0.7195124
-0.7195124
-0.7195124
-0.7195124
-0.7195124
-0.7195124
-0.7195124
-0.8194582
-0.8194582
-0.8194582
-0.8194582
-0.8194582
-0.8194582
-0.8194582
-0.8194582
-0.8194582
-0.8194582
-0.8194582
-0.8194582
-0.8194582
-0.8194582
-0.8194582
-0.8194582
-0.8194582
-0.8194582
-0.8194582
-0.8194582
-0.8194582
-0.8194582
-0.8194582
-0.8194582
-0.8455108
-0.8455108
-0.8455108
-0.8455108
-0.8455108
-0.8455108
-0.8455108
-0.8455108
-0.8455108
-0.8455108
-0.8455108
-0.8455108
-0.8455108
-0.8455108
-0.8455108
-0.6676999
-0.6676999
-0.6676999
-0.6676999
-0.6676999
-0.6676999
-0.6676999
-0.6676999
-0.6676999
-0.6676999
-0.6676999
-0.6676999
-0.6676999
-0.6676999
-0.9132397
-0.9132397
-0.9132397
-0.9132397
-0.9132397
-0.9132397
-0.9132397
-0.9132397
-0.9132397
-0.9132397
-0.9132397
-0.9132397
-0.9132397
-0.9132397
-0.9132397
-0.9132397
-0.9132397
-0.9132397
-0.9132397
-0.9132397
-0.9132397
-0.9132397
-0.9132397
-0.9132397
-0.8405541
-0.8405541
-0.8405541
-0.8405541
-0.8405541
-0.8405541
-0.8405541
-0.8405541
-0.8405541
-0.8405541
-0.8405541
-0.8405541
-0.8405541
-0.8405541
-1.024778
-1.024778
-1.024778
-1.024778
-1.024778
-1.024778
-1.024778
-1.024778
-1.024778
-1.024778
-1.024778
-1.024778
-1.024778
-1.024778
-0.942619
-0.942619
-0.942619
-0.942619
-0.942619
-0.942619
-0.942619
-0.942619
-0.942619
-0.942619
-0.9353858
-0.9353858
-0.9353858
-0.9353858
-0.9353858
-0.9353858
-0.9353858
-0.9353858
-0.9353858
-0.9353858
-0.9353858
-0.9353858
-0.9353858
-0.9353858
-0.9353858
-0.9353858
-0.9353858
-0.9353858
-0.9353858
-0.7995016
-0.7995016
-0.7995016
-0.7995016
-0.7995016
-0.7995016
-0.7995016
-0.7995016
-0.7995016
-0.7995016
-0.7995016
-0.7995016
-0.7995016
-0.7995016
-0.7995016
-0.7995016
-0.7995016
-0.7995016
-0.7995016
-0.8982586
-0.8982586
-0.8982586
-0.8982586
-0.8982586
-0.8982586
-0.8982586
-0.8982586
-0.8982586
-0.8982586
-0.8982586
-0.8982586
-0.8982586
-0.8982586
-0.8982586
-0.8982586
-0.8982586
-0.8982586
-0.8982586
-0.8982586
-1.011889
-1.011889
-1.011889
-1.011889
-1.011889
-1.011889
-1.011889
-1.011889
-1.011889
-1.011889
-1.011889
-1.228069
-1.228069
-1.228069
-1.228069
-1.228069
-1.228069
-1.228069
-1.228069
-1.228069
-1.228069
-1.228069
-0.8896258
-0.8896258
-0.8896258
-0.8896258
-0.8896258
-0.8896258
-0.8896258
-0.8612876
-0.8612876
-0.8612876
-0.8612876
-0.8612876
-0.8612876
-0.8612876
-0.8612876
-0.8612876
-0.8612876
-0.8612876
-0.8612876
-0.8612876
-0.8612876
-0.8612876
-0.8612876
-0.8612876
-0.8612876
-0.8612876
-0.8612876
-0.8612876
-0.8612876
-0.7203059
-0.7203059
-0.7203059
-0.7203059
-0.7203059
-0.7203059
-0.7203059
-0.7203059
-0.7203059
-0.7203059
-0.7203059
-0.7203059
-0.7203059
-0.7203059
-0.7203059
-0.7203059
-0.7203059
-0.9688209
-0.9688209
-0.9688209
-0.9688209
-0.9688209
-0.9688209
-0.9688209
-0.9688209
-0.9688209
-0.9688209
-0.9688209
-0.9688209
-0.9688209
-0.9688209
-0.9688209
-0.9688209
-0.877787
-0.877787
-0.877787
-0.877787
-0.877787
-0.877787
-0.877787
-0.877787
-0.877787
-0.877787
-0.877787
-0.9973002
-0.9973002
-0.9973002
-0.9973002
-0.9973002
-0.9973002
-0.9973002
-0.9973002
-0.9973002
-0.9973002
-0.9973002
-0.9973002
-0.9973002
-0.9973002
-1.315493
-1.315493
-1.315493
-1.315493
-1.315493
-1.315493
-1.315493
-0.9794512
-0.9794512
-0.9794512
-0.9794512
-0.9794512
-0.9794512
-0.9794512
-0.9794512
-0.9794512
-0.9794512
-1.074941
-1.074941
-1.074941
-1.074941
-1.074941
-1.074941
-1.074941
-1.074941
-1.074941
-1.074941
-1.074941
-1.074941
-1.074941
-1.074941
-1.074941
-1.074941
-1.074941
-1.074941
-1.074941
-1.074941
-1.074941
-1.074941
-0.8405639
-0.8405639
-0.8405639
-0.8405639
-0.8405639
-0.8405639
-0.8405639
-0.8405639
-0.8405639
-0.8405639
-0.8405639
-0.881122
-0.881122
-0.881122
-0.881122
-0.881122
-0.881122
-0.881122
-0.881122
-0.881122
-0.881122
-0.881122
-0.881122
-0.881122
-0.881122
-0.881122
-0.6732958
-0.6732958
-0.6732958
-0.6732958
-0.6732958
-0.6732958
-0.6732958
-0.6732958
-0.6732958
-0.6732958
-0.6732958
-0.6732958
-0.6732958
-0.6732958
-0.6732958
-0.6777745
-0.6777745
-0.6777745
-0.6777745
-0.6777745
-0.6777745
-0.6777745
-0.6777745
-0.6777745
-0.6777745
-0.6777745
-0.6777745
-0.6777745
-0.6777745
-0.679672
-0.679672
-0.679672
-0.679672
-0.679672
-0.679672
-0.679672
-0.679672
-0.679672
-0.679672
-0.679672
-0.4902292
-0.4902292
-0.4902292
-0.4902292
-0.4902292
-0.4902292
-0.4902292
-0.4902292
-0.4902292
-0.4902292
-0.4902292
-0.4902292
-0.4902292
-0.4902292
-0.4902292
-0.4902292
-0.4902292
-0.4902292
-0.4902292
-0.4902292
-0.4902292
-0.4902292
-0.4902292
-0.4902292
-0.5544666
-0.5544666
-0.5544666
-0.5544666
-0.5544666
-0.5544666
-0.5544666
-0.5544666
-0.5544666
-0.5544666
-0.5544666
-0.5544666
-0.5544666
-0.5544666
-0.5544666
-0.5544666
-0.5544666
-0.5544666
-0.5544666
-0.533531
-0.533531
-0.533531
-0.533531
-0.533531
-0.533531
-0.533531
-0.533531
-0.533531
-0.533531
-0.4200298
-0.4200298
-0.4200298
-0.4200298
-0.4200298
-0.4200298
-0.4200298
-0.4200298
-0.4200298
-0.4200298
-0.306674
-0.306674
-0.306674
-0.306674
-0.306674
-0.306674
-0.306674
-0.306674
-0.306674
-0.306674
-0.306674
-0.306674
-0.306674
-0.306674
-0.306674
-0.306674
-0.306674
-0.306674
-0.306674
-0.306674
-0.306674
-0.306674
-0.306674
-0.306674
-0.3349301
-0.3349301
-0.3349301
-0.3349301
-0.3349301
-0.3349301
-0.3349301
-0.3349301
-0.3349301
-0.3349301
-0.3349301
-0.3349301
-0.3349301
-0.3349301
-0.3349301
-0.3349301
-0.3349301
-0.3349301
-0.3349301
-0.3349301
-0.3349301
-0.3349301
-0.3263491
-0.3263491
-0.3263491
-0.3263491
-0.3263491
-0.3263491
-0.3263491
-0.3263491
-0.3263491
-0.3263491
-0.3263491
-0.3263491
-0.3263491
-0.3263491
-0.3263491
-0.3263491
-0.3263491
-0.3263491
-0.3263491
-0.3263491
-0.3263491
-0.1569876
-0.1569876
-0.1569876
-0.1569876
-0.1569876
-0.1569876
-0.1569876
-0.1569876
-0.1569876
-0.1569876
-0.2533261
-0.2533261
-0.2533261
-0.2533261
-0.2533261
-0.2533261
-0.2533261
-0.2533261
-0.2533261
-0.2533261
-0.2533261
-0.2533261
-0.2533261
-0.2533261
-0.2533261
-0.2533261
-0.2533261
-0.2533261
-0.2533261
-0.2533261
-0.2533261
-0.2533261
-0.2533261
-0.2533261
-0.3168802
-0.3168802
-0.3168802
-0.3168802
-0.3168802
-0.3168802
-0.3168802
-0.3168802
-0.3168802
-0.3168802
-0.3168802
-0.3168802
-0.3168802
-0.3168802
-0.3168802
-0.3168802
-0.163714
-0.163714
-0.163714
-0.163714
-0.163714
-0.163714
-0.163714
-0.163714
-0.163714
-0.163714
-0.163714
-0.163714
-0.163714
-0.163714
-0.163714
-0.163714
-0.1305827
-0.1305827
-0.1305827
-0.1305827
-0.1305827
-0.1305827
-0.1305827
-0.1305827
-0.1305827
-0.1305827
-0.1305827
-0.1305827
-0.1305827
-0.1305827
-0.1305827
-0.1305827
-0.1305827
-0.1433496
-0.1433496
-0.1433496
-0.1433496
-0.1433496
-0.1433496
-0.1433496
-0.1433496
-0.1433496
-0.1433496
-0.1433496
-0.1433496
-0.1433496
-0.1433496
-0.1433496
-0.1433496
-0.1433496
-0.1433496
-0.1433496
-0.1433496
-0.1433496
-0.1433496
-0.0884122
-0.0884122
-0.0884122
-0.0884122
-0.0884122
-0.0884122
-0.0884122
-0.0884122
-0.0884122
-0.0884122
-0.0884122
-0.0884122
-0.0884122
-0.0884122
-0.0884122
-0.0884122
-0.0884122
-0.0884122
-0.0884122
-0.1791087
-0.1791087
-0.1791087
-0.1791087
-0.1791087
-0.1791087
-0.1791087
-0.3704556
-0.3704556
-0.3704556
-0.3704556
-0.3704556
-0.3704556
-0.3704556
-0.3704556
-0.3704556
-0.3704556
-0.3704556
-0.3704556
-0.3704556
-0.3704556
-0.3704556
-0.3704556
-0.3704556
-0.3704556
-0.3704556
-0.3704556
-0.3250874
-0.3250874
-0.3250874
-0.3250874
-0.3250874
-0.3250874
-0.3250874
-0.3250874
-0.3250874
-0.3250874
-0.3250874
-0.3250874
-0.3250874
-0.3250874
-0.2181213
-0.2181213
-0.2181213
-0.2181213
-0.2181213
-0.2181213
-0.2181213
-0.2181213
-0.2181213
-0.2181213
-0.3375745
-0.3375745
-0.3375745
-0.3375745
-0.3375745
-0.3375745
-0.3375745
-0.3375745
-0.3375745
-0.3375745
-0.3375745
-0.3375745
-0.3375745
-0.3375745
-0.3375745
-0.3375745
-0.3375745
-0.3375745
-0.3375745
-0.3375745
-0.3375745
-0.3375745
-0.4084875
-0.4084875
-0.4084875
-0.4084875
-0.4084875
-0.4084875
-0.4084875
-0.4084875
-0.4084875
-0.4084875
-0.4084875
-0.4084875
-0.4084875
-0.4084875
-0.4084875
-0.4084875
-0.4084875
-0.4084875
-0.4084875
-0.4084875
-0.471649
-0.471649
-0.471649
-0.471649
-0.471649
-0.471649
-0.471649
-0.471649
-0.471649
-0.471649
-0.471649
-0.471649
-0.471649
-0.471649
-0.471649
-0.471649
-0.471649
-0.471649
-0.471649
-0.6821701
-0.6821701
-0.6821701
-0.6821701
-0.6821701
-0.6821701
-0.6821701
-0.6821701
-0.6821701
-0.6821701
-0.6821701
-0.6821701
-0.6374935
-0.6374935
-0.6374935
-0.6374935
-0.6374935
-0.6374935
-0.6374935
-0.6374935
-0.6374935
-0.6374935
-0.6374935
-0.6374935
-0.6374935
-0.6374935
-0.6374935
-0.6374935
-0.6374935
-0.6374935
-0.6374935
-0.6374935
-0.844465
-0.844465
-0.844465
-0.844465
-0.844465
-0.844465
-0.844465
-0.844465
-0.844465
-0.844465
-0.844465
-0.844465
-0.844465
-0.844465
-0.844465
-0.844465
-0.844465
-0.844465
-0.844465
-0.844465
-0.844465
-0.844465
-1.140251
-1.140251
-1.140251
-1.140251
-1.140251
-1.140251
-1.140251
-1.140251
-1.140251
-1.140251
-1.140251
-1.140251
-1.140251
-1.140251
-1.140251
-1.140251
-1.140251
-1.140251
-1.140251
-1.658614
-1.658614
-1.658614
-1.658614
-1.658614
-1.658614
-1.658614
-1.658614
-1.658614
-1.658614
-1.658614
-1.658614
-1.658614
-1.658614
-1.658614
-1.658614
-1.658614
-1.272065
-1.272065
-1.272065
-1.272065
-1.272065
-1.272065
-1.272065
-1.272065
-1.272065
-1.272065
-1.272065
-1.272065
-1.272065
-1.272065
-0.9815632
-0.9815632
-0.9815632
-0.9815632
-0.9815632
-0.9815632
-0.9815632
-0.9815632
-0.9815632
-0.9815632
-0.9815632
-0.9815632
-0.9815632
-0.9815632
-0.9815632
-0.9815632
-0.9815632
-0.9086948
-0.9086948
-0.9086948
-0.9086948
-0.9086948
-0.9086948
-0.9086948
-0.9086948
-0.9086948
-0.9086948
-0.9086948
-0.9086948
-0.9086948
-0.9086948
-0.9086948
-0.9086948
-0.8617322
-0.8617322
-0.8617322
-0.8617322
-0.8617322
-0.8617322
-0.8617322
-0.7681057
-0.7681057
-0.7681057
-0.7681057
-0.7681057
-0.7681057
-0.7681057
-0.7681057
-0.7681057
-0.7681057
-0.7681057
-0.5945656
-0.5945656
-0.5945656
-0.5945656
-0.5945656
-0.5945656
-0.5945656
-0.5945656
-0.5945656
-0.5945656
-0.5945656
-0.4691633
-0.4691633
-0.4691633
-0.4691633
-0.4691633
-0.4691633
-0.4691633
-0.4691633
-0.4691633
-0.4691633
-0.4691633
-0.4691633
-0.4593345
-0.4593345
-0.4593345
-0.4593345
-0.4593345
-0.4593345
-0.4593345
-0.4593345
-0.4593345
-0.4593345
-0.4593345
-0.4593345
-0.4593345
-0.4593345
-0.4593345
-0.4593345
-0.6133745
-0.6133745
-0.6133745
-0.6133745
-0.6133745
-0.6133745
-0.6133745
-0.6133745
-0.6133745
-0.6133745
-0.6133745
-0.6133745
-0.6133745
-0.6133745
-0.6133745
-0.6133745
-0.6133745
-0.6133745
-0.6133745
-0.6133745
-0.6133745
-0.6133745
-0.5153981
-0.5153981
-0.5153981
-0.5153981
-0.5153981
-0.5153981
-0.5153981
-0.5153981
-0.5153981
-0.5153981
-0.5153981
-0.5153981
-0.5153981
-0.5153981
-0.5153981
-0.5153981
-0.5153981
-0.5153981
-0.5153981
-0.5153981
-0.6328318
-0.6328318
-0.6328318
-0.6328318
-0.6328318
-0.6328318
-0.6328318
-0.6328318
-0.6328318
-0.6328318
-0.6328318
-0.6328318
-0.6328318
-0.6328318
-0.6399202
-0.6399202
-0.6399202
-0.6399202
-0.6399202
-0.6399202
-0.6399202
-0.6399202
-0.6399202
-0.6399202
-0.6399202
-0.6399202
-0.6399202
-0.6399202
-0.6399202
-0.6399202
-0.6399202
-0.6399202
-0.6399202
-0.5560702
-0.5560702
-0.5560702
-0.5560702
-0.5560702
-0.5560702
-0.5560702
-0.5560702
-0.5560702
-0.5560702
-0.5560702
-0.5560702
-0.5560702
-0.5560702
-0.5560702
-0.5560702
-0.5560702
-0.5560702
-0.5560702
-0.5560702
-0.5560702
-0.5560702
-0.5560702
-0.5560702
-0.7532365
-0.7532365
-0.7532365
-0.7532365
-0.7532365
-0.7532365
-0.7532365
-0.7532365
-0.7532365
-0.7532365
-0.7532365
-0.7532365
-0.7532365
-0.7532365
-0.7532365
-0.7532365
-0.7532365
-0.7532365
-0.7532365
-0.6100182
-0.6100182
-0.6100182
-0.6100182
-0.6100182
-0.6100182
-0.6100182
-0.6100182
-0.6100182
-0.6100182
-0.6100182
-0.6100182
-0.6100182
-0.6100182
-0.6100182
-0.4977016
-0.4977016
-0.4977016
-0.4977016
-0.4977016
-0.4977016
-0.4977016
-0.7691271
-0.7691271
-0.7691271
-0.7691271
-0.7691271
-0.7691271
-0.7691271
-0.7691271
-0.7691271
-0.7691271
-0.7691271
-0.7691271
-0.7691271
-0.7691271
-0.7691271
-0.7691271
-0.7691271
-0.7691271
-0.7691271
-0.9112059
-0.9112059
-0.9112059
-0.9112059
-0.9112059
-0.9112059
-0.9112059
-0.9112059
-0.9112059
-0.9112059
-0.9112059
-0.9112059
-0.9112059
-0.9112059
-0.9112059
-0.9112059
-0.8188569
-0.8188569
-0.8188569
-0.8188569
-0.8188569
-0.8188569
-0.8188569
-0.8188569
-0.8188569
-0.8188569
-0.8188569
-0.8188569
-0.8188569
-0.8188569
-0.8188569
-0.8188569
-0.8188569
-0.8188569
-0.8188569
-0.6842797
-0.6842797
-0.6842797
-0.6842797
-0.6842797
-0.6842797
-0.6842797
-0.6842797
-0.6842797
-0.6842797
-0.6842797
-0.6842797
-0.6842797
-0.6842797
-0.6205514
-0.6205514
-0.6205514
-0.6205514
-0.6205514
-0.6205514
-0.6205514
-0.6205514
-0.6205514
-0.6205514
-0.6205514
-0.6205514
-0.6205514
-0.6205514
-0.6205514
-0.6205514
-0.6205514
-0.9525707
-0.9525707
-0.9525707
-0.9525707
-0.9525707
-0.9525707
-0.9525707
-0.9525707
-0.9525707
-0.9525707
-0.9525707
-0.9525707
-0.9525707
-0.9525707
-0.9525707
-0.9525707
-0.9525707
-0.826927
-0.826927
-0.826927
-0.826927
-0.826927
-0.826927
-0.826927
-0.826927
-0.826927
-0.826927
-0.826927
-0.826927
-0.826927
-0.826927
-0.826927
-0.826927
-0.826927
-0.7612686
-0.7612686
-0.7612686
-0.7612686
-0.7612686
-0.7612686
-0.7612686
-0.7612686
-0.7612686
-0.7612686
-0.7612686
-0.7612686
-0.7612686
-0.7612686
-0.7612686
-0.7612686
-0.7612686
-0.7612686
-0.7612686
-0.7612686
-0.9786655
-0.9786655
-0.9786655
-0.9786655
-0.9786655
-0.9786655
-0.9786655
-0.9786655
-0.9786655
-0.9786655
-0.9786655
-1.158866
-1.158866
-1.158866
-1.158866
-1.158866
-1.158866
-1.158866
-1.158866
-1.158866
-1.158866
-1.158866
-1.331104
-1.331104
-1.331104
-1.331104
-1.331104
-1.331104
-1.331104
-1.331104
-1.331104
-1.331104
-1.331104
-1.331104
-1.331104
-1.331104
-1.331104
-1.331104
-1.331104
-1.331104
-1.331104
-1.331104
-1.331104
-1.819004
-1.819004
-1.819004
-1.819004
-1.819004
-1.819004
-1.819004
-1.819004
-1.819004
-1.819004
-1.819004
-1.819004
-1.819004
-1.819004
-1.819004
-2.335103
-2.335103
-2.335103
-2.335103
-2.335103
-2.335103
-2.335103
-2.335103
-2.335103
-2.335103
-2.335103
-2.335103
-2.335103
-2.335103
-3.019093
-3.019093
-3.019093
-3.019093
-3.019093
-3.019093
-3.019093
-3.019093
-3.019093
-3.019093
-3.019093
-3.019093
-3.019093
-3.019093
-3.019093
-3.086228
-3.086228
-3.086228
-3.086228
-3.086228
-3.086228
-3.086228
-3.086228
-3.086228
-3.086228
-3.086228
-3.086228
-3.086228
-3.086228
-3.086228
-3.086228
-3.086228
-3.086228
-3.086228
-2.329317
-2.329317
-2.329317
-2.329317
-2.329317
-2.329317
-2.329317
-2.329317
-2.329317
-2.329317
-2.329317
-2.329317
-2.329317
-2.329317
-2.329317
-2.329317
-2.329317
-2.329317
-2.329317
-2.329317
-2.015317
-2.015317
-2.015317
-2.015317
-2.015317
-2.015317
-2.015317
-2.015317
-2.015317
-2.015317
-2.015317
-2.015317
-2.015317
-2.015317
-1.499654
-1.499654
-1.499654
-1.499654
-1.499654
-1.499654
-1.499654
-0.9237293
-0.9237293
-0.9237293
-0.9237293
-0.9237293
-0.9237293
-0.9237293
-0.9237293
-0.9237293
-0.9237293
-0.9237293
-0.9237293
-0.9237293
-0.9237293
-0.9237293
-0.9237293
-0.9237293
-0.9237293
-0.9237293
-0.9733575
-0.9733575
-0.9733575
-0.9733575
-0.9733575
-0.9733575
-0.9733575
-0.9733575
-0.9733575
-0.9733575
-0.9733575
-0.9733575
-0.9733575
-0.9733575
-0.9733575
-0.9733575
-0.9733575
-0.9733575
-0.9733575
-0.8722654
-0.8722654
-0.8722654
-0.8722654
-0.8722654
-0.8722654
-0.8722654
-0.8722654
-0.8722654
-0.8722654
-0.8722654
-0.8722654
-0.8722654
-0.8722654
-0.8722654
-0.8722654
-0.8722654
-0.8722654
-0.8722654
-0.8722654
-0.8722654
-0.8249212
-0.8249212
-0.8249212
-0.8249212
-0.8249212
-0.8249212
-0.8249212
-0.8249212
-0.8249212
-0.8249212
-0.8249212
-0.8249212
-0.8249212
-0.8249212
-0.8249212
-0.8249212
-0.8249212
-0.8249212
-0.8249212
-0.8249212
-0.8249212
-0.8249212
-0.8249212
-0.8249212
-0.7633481
-0.7633481
-0.7633481
-0.7633481
-0.7633481
-0.7633481
-0.7633481
-0.7633481
-0.7633481
-0.7633481
-0.7633481
-0.7633481
-0.7633481
-0.7633481
-0.7633481
-0.7633481
-0.7633481
-0.7646608
-0.7646608
-0.7646608
-0.7646608
-0.7646608
-0.7646608
-0.7646608
-0.7646608
-0.7646608
-0.7646608
-0.7646608
-0.7646608
-0.7646608
-0.7646608
-0.7646608
-0.7646608
-0.7646608
-0.7646608
-0.7646608
-0.6275721
-0.6275721
-0.6275721
-0.6275721
-0.6275721
-0.6275721
-0.6275721
-0.6275721
-0.6275721
-0.6275721
-0.6275721
-0.6275721
-0.6275721
-0.6275721
-0.6275721
-0.6275721
-0.6275721
-0.6275721
-0.6275721
-0.6275721
-0.6275721
-0.6275721
-0.5222249
-0.5222249
-0.5222249
-0.5222249
-0.5222249
-0.5222249
-0.5222249
-0.5222249
-0.5222249
-0.5222249
-0.5222249
-0.5222249
-0.5222249
-0.5222249
-0.767511
-0.767511
-0.767511
-0.767511
-0.767511
-0.767511
-0.767511
-0.767511
-0.767511
-0.767511
-0.767511
-0.767511
-0.767511
-0.767511
-0.767511
-0.767511
-0.767511
-0.767511
-0.767511
-0.767511
-0.767511
-0.767511
-0.767511
-0.767511
-0.7397618
-0.7397618
-0.7397618
-0.7397618
-0.7397618
-0.7397618
-0.7397618
-0.7397618
-0.7397618
-0.7397618
-0.7397618
-0.7397618
-0.7397618
-0.7397618
-0.7397618
-0.7397618
-0.7397618
-0.7397618
-0.7397618
-1.002281
-1.002281
-1.002281
-1.002281
-1.002281
-1.002281
-1.002281
-1.002281
-1.002281
-1.002281
-1.002281
-1.002281
-1.002281
-1.002281
-1.002281
-1.002281
-0.9142636
-0.9142636
-0.9142636
-0.9142636
-0.9142636
-0.9142636
-0.9142636
-0.9142636
-0.9142636
-0.9142636
-0.9142636
-0.9142636
-0.9142636
-0.9142636
-0.9142636
-0.9142636
-0.9142636
-0.9142636
-0.9142636
-0.9603262
-0.9603262
-0.9603262
-0.9603262
-0.9603262
-0.9603262
-0.9603262
-0.9603262
-0.9603262
-0.9603262
-0.9603262
-0.9603262
-0.9603262
-0.9603262
-0.9603262
-0.9603262
-0.9603262
-0.9603262
-0.9603262
-0.7207958
-0.7207958
-0.7207958
-0.7207958
-0.7207958
-0.7207958
-0.7207958
-0.7207958
-0.7207958
-0.7207958
-0.7207958
-0.7207958
-0.7207958
-0.7207958
-0.7207958
-0.7207958
-0.7207958
-0.7207958
-0.7207958
-0.7391514
-0.7391514
-0.7391514
-0.7391514
-0.7391514
-0.7391514
-0.7391514
-0.7391514
-0.7391514
-0.7391514
-0.7391514
-0.7391514
-0.7391514
-0.7391514
-0.7391514
-0.7391514
-0.7391514
-0.7391514
-0.7391514
-0.7391514
-0.8971741
-0.8971741
-0.8971741
-0.8971741
-0.8971741
-0.8971741
-0.8971741
-0.8971741
-0.8971741
-0.8971741
-0.8971741
-0.8971741
-0.8971741
-0.8971741
-0.8971741
-0.8971741
-1.035921
-1.035921
-1.035921
-1.035921
-1.035921
-1.035921
-1.035921
-1.035921
-1.035921
-1.035921
-1.035921
-0.6553576
-0.6553576
-0.6553576
-0.6553576
-0.6553576
-0.6553576
-0.6553576
-0.6494853
-0.6494853
-0.6494853
-0.6494853
-0.6494853
-0.6494853
-0.6494853
-0.6494853
-0.6494853
-0.6494853
-0.6494853
-0.6494853
-0.6494853
-0.6494853
-0.6494853
-0.6494853
-0.6494853
-0.6494853
-0.6494853
-0.6494853
-0.6494853
-0.6494853
-0.6732927
-0.6732927
-0.6732927
-0.6732927
-0.6732927
-0.6732927
-0.6732927
-0.6732927
-0.6732927
-0.6732927
-0.6732927
-0.6732927
-0.6732927
-0.6732927
-0.6732927
-0.6732927
-0.7472694
-0.7472694
-0.7472694
-0.7472694
-0.7472694
-0.7472694
-0.7472694
-0.7472694
-0.7472694
-0.7472694
-0.7472694
-0.7472694
-0.7472694
-0.7472694
-0.7472694
-0.7472694
-0.8132048
-0.8132048
-0.8132048
-0.8132048
-0.8132048
-0.8132048
-0.8132048
-0.8132048
-0.8132048
-0.8132048
-0.8132048
-0.8132048
-0.8132048
-0.8132048
-0.8132048
-0.8132048
-0.8132048
-0.8132048
-0.8132048
-1.063155
-1.063155
-1.063155
-1.063155
-1.063155
-1.063155
-1.063155
-1.063155
-1.063155
-1.063155
-1.063155
-1.063155
-1.063155
-1.063155
-1.11927
-1.11927
-1.11927
-1.11927
-1.11927
-1.11927
-1.11927
-0.9088962
-0.9088962
-0.9088962
-0.9088962
-0.9088962
-0.9088962
-0.9088962
-0.9088962
-0.9088962
-0.9088962
-0.8734916
-0.8734916
-0.8734916
-0.8734916
-0.8734916
-0.8734916
-0.8734916
-0.8734916
-0.8734916
-0.8734916
-0.8734916
-0.8734916
-0.8734916
-0.8734916
-0.8734916
-0.8734916
-0.8734916
-0.8734916
-0.8734916
-0.8734916
-0.8734916
-0.8734916
-0.750806
-0.750806
-0.750806
-0.750806
-0.750806
-0.750806
-0.750806
-0.750806
-0.750806
-0.750806
-0.750806
-0.750806
-0.750806
-0.750806
-0.750806
-0.750806
-0.7730257
-0.7730257
-0.7730257
-0.7730257
-0.7730257
-0.7730257
-0.7730257
-0.7730257
-0.7730257
-0.7730257
-0.7730257
-0.7730257
-0.7730257
-0.7730257
-0.7730257
-0.7730257
-0.7730257
-0.7730257
-0.7730257
-0.7730257
-0.7730257
-0.7730257
-0.7730257
-0.7730257
-0.6240831
-0.6240831
-0.6240831
-0.6240831
-0.6240831
-0.6240831
-0.6240831
-0.6240831
-0.6240831
-0.6240831
-0.5609872
-0.5609872
-0.5609872
-0.5609872
-0.5609872
-0.5609872
-0.5609872
-0.5609872
-0.5609872
-0.5609872
-0.5609872
-0.5609872
-0.5609872
-0.5609872
-0.5609872
-0.5777786
-0.5777786
-0.5777786
-0.5777786
-0.5777786
-0.5777786
-0.5777786
-0.5777786
-0.5777786
-0.5777786
-0.5777786
-0.5777786
-0.5777786
-0.5777786
-0.5777786
-0.5777786
-0.5777786
-0.5777786
-0.5777786
-0.4151541
-0.4151541
-0.4151541
-0.4151541
-0.4151541
-0.4151541
-0.4151541
-0.4151541
-0.4151541
-0.4151541
-0.4151541
-0.4151541
-0.4151541
-0.4151541
-0.4151541
-0.4151541
-0.4151541
-0.4151541
-0.4151541
-0.4151541
-0.4151541
-0.4290077
-0.4290077
-0.4290077
-0.4290077
-0.4290077
-0.4290077
-0.4290077
-0.4290077
-0.4290077
-0.4290077
-0.4290077
-0.4290077
-0.4290077
-0.4290077
-0.4290077
-0.4923231
-0.4923231
-0.4923231
-0.4923231
-0.4923231
-0.4923231
-0.4923231
-0.4923231
-0.4923231
-0.4923231
-0.2635817
-0.2635817
-0.2635817
-0.2635817
-0.2635817
-0.2635817
-0.2635817
-0.2635817
-0.2635817
-0.2635817
-0.2635817
-0.2635817
-0.2635817
-0.2635817
-0.2635817
-0.2635817
-0.2635817
-0.2635817
-0.2635817
-0.2635817
-0.3282646
-0.3282646
-0.3282646
-0.3282646
-0.3282646
-0.3282646
-0.3282646
-0.3282646
-0.3282646
-0.3282646
-0.3282646
-0.3282646
-0.3282646
-0.3282646
-0.3282646
-0.4743343
-0.4743343
-0.4743343
-0.4743343
-0.4743343
-0.4743343
-0.4743343
-0.4743343
-0.4743343
-0.4743343
-0.4743343
-0.4743343
-0.4743343
-0.4743343
-0.3065719
-0.3065719
-0.3065719
-0.3065719
-0.3065719
-0.3065719
-0.3065719
-0.3065719
-0.3065719
-0.3065719
-0.3065719
-0.3065719
-0.3065719
-0.3065719
-0.3065719
-0.3065719
-0.3065719
-0.3065719
-0.3065719
-0.2626859
-0.2626859
-0.2626859
-0.2626859
-0.2626859
-0.2626859
-0.2626859
-0.2626859
-0.2626859
-0.2626859
-0.2626859
-0.2626859
-0.2626859
-0.2626859
-0.2626859
-0.2626859
-0.2626859
-0.2626859
-0.2626859
-0.2626859
-0.2626859
-0.2523358
-0.2523358
-0.2523358
-0.2523358
-0.2523358
-0.2523358
-0.2523358
-0.2523358
-0.2523358
-0.2523358
-0.2523358
-0.2523358
-0.2523358
-0.2523358
-0.3574427
-0.3574427
-0.3574427
-0.3574427
-0.3574427
-0.3574427
-0.3574427
-0.3574427
-0.3574427
-0.3574427
-0.3574427
-0.3574427
-0.3574427
-0.3574427
-0.3574427
-0.3574427
-0.3574427
-0.3574427
-0.3574427
-0.309051
-0.309051
-0.309051
-0.309051
-0.309051
-0.309051
-0.309051
-0.309051
-0.309051
-0.309051
-0.309051
-0.309051
-0.309051
-0.309051
-0.309051
-0.309051
-0.309051
-0.309051
-0.309051
-0.3079638
-0.3079638
-0.3079638
-0.3079638
-0.3079638
-0.3079638
-0.3079638
-0.3079638
-0.3079638
-0.3079638
-0.3079638
-0.3079638
-0.3079638
-0.3079638
-0.3079638
-0.3079638
-0.3079638
-0.3079638
-0.3079638
-0.3079638
-0.3079638
-0.3079638
-0.4376923
-0.4376923
-0.4376923
-0.4376923
-0.4376923
-0.4376923
-0.4376923
-0.5542667
-0.5542667
-0.5542667
-0.5542667
-0.5542667
-0.5542667
-0.5542667
-0.5542667
-0.5542667
-0.5542667
-0.5542667
-0.5542667
-0.5542667
-0.5542667
-0.5542667
-0.5542667
-0.5542667
-0.5542667
-0.5542667
-0.5542667
-0.3345439
-0.3345439
-0.3345439
-0.3345439
-0.3345439
-0.3345439
-0.3345439
-0.3345439
-0.3345439
-0.3345439
-0.3345439
-0.3345439
-0.3345439
-0.3345439
-0.3345439
-0.3345439
-0.3345439
-0.3345439
-0.3345439
-0.3345439
-0.3345439
-0.3345439
-0.3345439
-0.3345439
-0.376419
-0.376419
-0.376419
-0.376419
-0.376419
-0.376419
-0.376419
-0.376419
-0.376419
-0.376419
-0.376419
-0.376419
-0.376419
-0.376419
-0.376419
-0.376419
-0.376419
-0.376419
-0.376419
-0.376419
-0.376419
-0.376419

